代码,名称,交易日期,前收盘价,开盘价,最高价,最低价,收盘价,涨跌,涨跌幅(%),已计息天数,应计利息,剩余期限(年),当期收益率(%),纯债到期收益率(%),纯债价值,纯债溢价,纯债溢价率(%),转股价格,转股比例,转换价值,转股溢价,转股溢价率(%),转股市盈率,转股市净率,套利空间,平价/底价,期限(年),发行日期,票面利率/发行参考利率(%),交易市场,债券类型
113542.SH,好客转债,2020-08-03,114.56,132.0,135.0,127.37,133.17,18.61,16.2447625698324,3,0.004931506849,4.994520547945205,0.4505519261094841,-2.9613,92.60224534,40.56775466,43.80860799978525,16.27,6.146281499692686,108.8506453595575,24.31935464044253,22.34194805194805,-79.6108,2.3147,-24.31935464044253,117.5464428102143,6,2019-08-01,0.4,上交所,可转债
123037.SZ,新莱转债,2020-08-03,198.469,205.0,227.065,204.501,226.2,27.731,13.97245917498451,229,0.312328767123,0.1065573770491803,0.161252917047153,-11.5789,99.44830221,126.75169779,127.4548634549284,11.08,9.025270758122744,209.115523465704,17.08447653429603,8.169874838152785,75.1977,5.2389,-17.08447653429603,210.2756093554269,6,2019-12-19,0.5,深交所,可转债
123027.SZ,蓝晓转债,2020-08-03,131.169,134.0,149.9,134.0,148.84,17.671,13.47193315493752,54,0.103561643836,2.224043715846995,0.4703036818059662,-4.5168,85.14707288,63.69292712,74.80342537407493,29.33,3.409478349812479,143.4708489601091,5.369151039890896,3.742328897338403,83.2166,6.6632,-5.369151039890896,168.4976877153561,6,2019-06-10,0.5,深交所,可转债
113547.SH,索发转债,2020-08-03,141.36,146.0,159.49,144.93,158.9,17.54,12.40803621958121,285,0.38904109589,0.1202185792349727,0.2819933490836942,-5.4825,99.91223254,58.98776746,59.03958500415268,10.52,9.505703422053232,156.4638783269962,2.436121673003802,1.556986634264885,106.2937,2.2622,-2.436121673003802,156.60132333081,6,2019-10-23,0.5,上交所,可转债
113555.SH,振德转债,2020-08-03,636.77,638.99,702.7,635.21,701.54,64.77,10.17164753364637,229,0.312328767123,0.3360655737704918,0.06835079920194287,-27.8246,98.28678304,603.25321696,613.7684013063003,14.01,7.137758743754461,708.2084225553176,-6.668422555317631,-0.9415904051602499,57.4167,14.7763,6.668422555317631,720.5530597812897,6,2019-12-19,0.5,上交所,可转债
113509.SH,新泉转债,2020-08-03,159.09,159.87,176.0,159.0,174.73,15.64,9.830913319504683,61,0.167123287671,1.040983606557377,0.5723115664167573,-11.4786,97.04745515,77.68254485,80.04593704176075,14.22,7.032348804500703,168.3544303797468,6.375569620253165,3.786992481203007,56.3067,4.4992,-6.375569620253165,173.4763988602609,6,2018-06-04,0.3,上交所,可转债
113504.SH,艾华转债,2020-08-03,156.1,157.55,172.8,157.55,170.67,14.57,9.333760409993594,155,0.424657534247,3.578082191780822,0.5859260561317162,-11.6766,95.56299506,75.10700494,78.59423503087514,21.13,4.73260766682442,166.2565073355419,4.413492664458117,2.65462852263023,55.8915,6.3031,-4.413492664458117,173.9758232055791,6,2018-03-02,0.3,上交所,可转债
128043.SZ,东音转债,2020-08-03,238.899,236.01,266.01,236.01,261.0,22.101,9.251189833360542,2,0.005479452055,0.2513661202185792,0.09762242166588123,-18.8692,99.20330203,161.79669797,163.0960811375726,6.22,16.07717041800643,260.2893890675241,0.7106109324758842,0.2730080296479308,52.4786,6.1068,-0.7106109324758842,262.3797633155499,6,2018-08-02,0.4,深交所,可转债
113556.SH,至纯转债,2020-08-03,160.44,169.0,181.3,169.0,174.94,14.5,9.037646472201446,228,0.248767123288,0.4808743169398907,0.2286498227963873,-5.9233,96.39010278,78.54989722,81.49166247833728,29.37,3.404834865509023,165.7473612529792,9.19263874702077,5.546175020542317,-213.4036,9.1939,-9.19263874702077,171.9547510300717,6,2019-12-20,0.4,上交所,可转债
113027.SH,华钰转债,2020-08-03,149.46,150.01,162.8,146.7,162.09,12.63,8.450421517462866,51,0.083835616438,4.863013698630137,0.3701647233018693,-6.9431,69.68937162,92.40062838,132.5892689689315,10.17,9.83284169124877,160.6686332350049,1.421366764995084,0.884657282741738,888.1523,4.1603,-1.421366764995084,230.5496943078979,6,2019-06-13,0.3,上交所,可转债
128114.SZ,正邦转债,2020-08-03,140.6,141.9,152.439,141.0,151.0,10.4,7.396870554765291,48,0.052602739726,3.494535519125683,0.2649006622516557,-4.5656,--,--,--,16.09,6.215040397762586,143.6295835922934,7.37041640770665,5.13154478580701,15.9725,5.6093,-7.37041640770665,--,6,2020-06-17,0.4,深交所,可转债
123020.SZ,富祥转债,2020-08-03,214.0,217.102,235.94,217.0,229.0,15.0,7.009345794392523,156,0.341917808219,0.08743169398907104,0.1789794819644673,-13.3158,99.8477156,129.1522844,129.3492631492913,9.28,10.77586206896552,230.6034482758621,-1.603448275862069,-0.6953271028037383,22.5864,5.3216,1.603448275862069,230.9551569508938,6,2019-02-28,0.6,深交所,可转债
123025.SZ,精测转债,2020-08-03,142.497,144.081,156.499,144.081,151.5,9.003,6.318027747952589,128,0.280547945205,4.652054794520548,0.528052805280528,-5.4527,87.57025125,63.92974875,73.00395720858458,49.95,2.002002002002002,142.3423423423423,9.157657657657658,6.433544303797468,701.6929,12.5574,-9.157657657657658,162.5464587694013,6,2019-03-29,0.5,深交所,可转债
123044.SZ,红相转债,2020-08-03,133.3,136.0,142.31,134.251,141.5,8.2,6.151537884471118,145,0.198630136986,5.605479452054794,0.353356890459364,-2.1667,78.44208991,63.05791009,80.38785065817224,18.8,5.319148936170213,140.7446808510638,0.7553191489361702,0.5366591080876795,29.669,4.1691,-0.7553191489361702,179.4249503200977,6,2020-03-12,0.5,深交所,可转债
128108.SZ,蓝帆转债,2020-08-03,167.86,168.8,178.8,167.809,176.88,9.02,5.373525557011796,68,0.074520547945,5.816438356164384,0.2261420171867933,-7.492,87.61055716,89.26944284,101.8934769207899,17.79,5.621135469364812,186.3968521641372,-9.516852164137156,-5.105693606755127,55.1994,3.6864,9.516852164137156,212.7561542882638,6,2020-05-28,0.4,深交所,可转债
113521.SH,科森转债,2020-08-03,174.77,179.0,195.0,179.0,183.85,9.08,5.195399668135264,262,0.500547945205,0.3169398907103825,0.3807451726951319,-10.521,99.37858944,84.47141056,84.99960709444338,8.7,11.49425287356322,184.2528735632184,-0.4028735632183908,-0.2186525265127885,136.3179,3.7371,0.4028735632183908,185.4049998108108,6,2018-11-16,0.5,上交所,可转债
123056.SZ,雪榕转债,2020-08-03,139.99,141.1,148.666,140.203,147.25,7.26,5.186084720337167,41,0.044931506849,5.890410958904109,0.2716468590831919,-3.3229,82.72553221,64.52446779,77.99825043881697,11.89,8.410428931875526,154.3313708999159,-7.081370899915895,-4.588419618528611,26.0751,4.3834,7.081370899915895,186.5583294262084,6,2020-06-24,0.4,深交所,可转债
123031.SZ,晶瑞转债,2020-08-03,209.02,212.5,224.501,212.5,219.845,10.825,5.178930245909482,341,0.372602739726,5.071038251366121,0.1819463713070572,-12.005,76.08401712,143.76098288,188.9503056249772,18.53,5.396654074473826,215.2725310307609,4.572468969239072,2.12403735271998,440.8134,7.9583,-4.572468969239072,282.9405428097103,6,2019-08-29,0.4,深交所,可转债
113586.SH,上机转债,2020-08-03,181.13,184.0,191.8,181.23,190.33,9.2,5.079224866118258,56,0.076712328767,0.4644808743169399,0.1619393569496086,-7.6044,97.27076105,93.05923895,95.67031032291898,33.31,3.002101471029721,204.6832782948064,-14.35327829480636,-7.012433264887064,63.0877,8.908,14.35327829480636,210.4263152517057,6,2020-06-09,0.5,上交所,可转债
113581.SH,龙蟠转债,2020-08-03,242.01,244.0,262.9,242.01,254.22,12.21,5.045246064212223,103,0.141095890411,0.3551912568306011,0.1250130670986075,-11.3665,97.28515938,156.93484062,161.3142658347362,9.48,10.54852320675106,281.1181434599156,-26.89814345991561,-9.568270168855534,81.0666,5.8377,26.89814345991561,288.9630291521198,6,2020-04-23,0.5,上交所,可转债
113582.SH,火炬转债,2020-08-03,143.95,144.8,151.69,144.0,151.09,7.14,4.96005557485238,69,0.075616438356,5.813698630136987,0.2647428684889801,-4.6204,89.1600894,61.9299106,69.45922891818006,25.33,3.947887879984208,138.7682589814449,12.32174101855507,8.879365576102419,58.0373,4.9924,-12.32174101855507,155.6394345444038,6,2020-05-27,0.4,上交所,可转债
128115.SZ,巨星转债,2020-08-03,156.9,157.777,165.131,157.0,164.592,7.692,4.902485659655832,41,0.044931506849,0.5601092896174863,0.1631264889453497,-5.9589,97.75556853,66.83643147,68.37097106083395,12.28,8.143322475570033,157.8175895765472,6.774410423452768,4.292557275541796,16.4934,2.5676,-6.774410423452768,161.4410226954129,6,2020-06-24,0.4,深交所,可转债
113552.SH,克来转债,2020-08-03,215.62,216.23,226.99,215.51,226.14,10.52,4.878953714868751,246,0.335616438356,0.01092896174863388,0.1504218335660343,-11.6379,100.24597913,125.89402087,125.585107714634,19.78,5.055611729019211,226.9969666329626,-0.8569666329625885,-0.3775233853006682,98.2027,18.7854,0.8569666329625885,226.4399715609447,6,2019-12-02,0.5,上交所,可转债
113559.SH,永创转债,2020-08-03,115.2,115.21,126.0,115.21,120.71,5.51,4.782986111111111,225,0.368219178082,0.9013698630136986,0.4970590671858173,-0.2873,95.24037827,25.46962173,26.74246175061942,10.32,9.689922480620154,104.0697674418605,16.64023255813953,15.98949720670391,74.5665,3.5569,-16.64023255813953,109.2706363962874,6,2019-12-23,0.6,上交所,可转债
128078.SZ,太极转债,2020-08-03,147.999,149.94,158.0,148.006,155.0,7.001,4.730437367820053,288,0.314520547945,2.715068493150685,0.2580645161290323,-5.2982,91.18390122,63.81609878,69.98614659624013,22.4,4.464285714285714,152.0089285714286,2.991071428571428,1.96769456681351,350.9059,6.4141,-2.991071428571428,166.7058839747113,6,2019-10-21,0.4,深交所,可转债
128049.SZ,华源转债,2020-08-03,111.1,111.401,116.63,111.4,116.3,5.2,4.68046804680468,251,0.479452054795,4.316939890710382,0.6018916595012898,-0.2248,88.15122269,28.14877731,31.93237308686047,7.42,13.47708894878706,108.7601078167116,7.539892183288409,6.932589838909542,158.2307,1.7434,-7.539892183288409,123.3790122221975,6,2018-11-26,0.5,深交所,可转债
127015.SZ,希望转债,2020-08-03,165.59,166.999,173.998,166.999,173.01,7.42,4.480946917084365,214,0.116712328767,5.418032786885246,0.1156002543205595,-8.0927,90.06926759,82.94073241,92.08549667301675,19.63,5.094243504839532,173.2042791645441,-0.1942791645440652,-0.1121676470588235,22.6534,4.8072,0.1942791645440652,192.3011964002849,6,2020-01-03,0.2,深交所,可转债
113577.SH,春秋转债,2020-08-03,147.51,148.99,154.94,147.54,153.65,6.14,4.16242966578537,112,0.153424657534,5.695890410958904,0.3254149040026033,-4.5866,81.92975514,71.72024486,87.53870280393957,11.06,9.041591320072333,156.871609403255,-3.221609403254973,-2.053659942363113,39.8809,4.2498,3.221609403254973,191.4708632232524,6,2020-04-14,0.5,上交所,可转债
113548.SH,石英转债,2020-08-03,158.78,164.99,166.0,160.09,165.25,6.47,4.074820506361003,281,0.306849315068,2.032786885245902,0.2420574886535552,-5.3316,89.46455741,75.78544259,84.71001789310702,15.1,6.622516556291391,163.1788079470199,2.071192052980133,1.269277597402597,68.3055,5.6507,-2.071192052980133,182.3949200343111,6,2019-10-28,0.4,上交所,可转债
110048.SH,福能转债,2020-08-03,119.28,119.01,124.75,119.01,124.13,4.85,4.066063044936285,241,0.394520547945,4.344262295081967,0.4833642149359542,-2.0002,96.27304215,27.85695785,28.93536677338704,8.12,12.31527093596059,112.6847290640394,11.44527093596059,10.15689617486339,36.3748,1.3133,-11.44527093596059,117.0470222478987,6,2018-12-07,0.4,上交所,可转债
128051.SZ,光华转债,2020-08-03,121.0,121.098,127.409,120.495,125.887,4.887,4.038842975206611,234,0.446849315068,1.098360655737705,0.55605423911921,-1.9979,94.61461316,31.27238684,33.05238566807454,12.72,7.861635220125787,117.2169811320755,8.670018867924528,7.396555331991952,-103.021,4.749,-8.670018867924528,123.8888763766896,6,2018-12-14,0.5,深交所,可转债
113514.SH,威帝转债,2020-08-03,134.6,134.65,142.5,134.65,139.96,5.36,3.982169390787519,15,0.041095890411,0.07650273224043716,0.08221527089931409,-7.7448,99.50385945,40.45614055,40.65786068361392,3.99,25.06265664160401,141.6040100250627,-1.644010025062657,-1.160991150442478,185.7483,4.4115,1.644010025062657,142.3100679790393,5,2018-07-20,0.4,上交所,可转债
113571.SH,博特转债,2020-08-03,156.0,157.0,167.9,156.12,161.99,5.99,3.83974358974359,145,0.198630136986,0.2923497267759563,0.2122573099810853,-5.1942,98.4297057,63.5602943,64.57430086575988,18.88,5.296610169491525,163.5593220338983,-1.569322033898305,-0.9594818652849741,48.604,3.9291,1.569322033898305,166.1686590147941,6,2020-03-12,0.5,上交所,可转债
113554.SH,仙鹤转债,2020-08-03,178.95,184.32,188.99,176.0,185.82,6.87,3.839061190276614,232,0.189863013699,0.1065573770491803,0.119099922188053,-8.1937,99.74430907,86.07569093,86.29634285159322,13.27,7.535795026375283,191.5599095704597,-5.739909570459684,-2.996404405979544,37.1873,4.1842,5.739909570459684,192.0509664727077,6,2019-12-13,0.3,上交所,可转债
113030.SH,东风转债,2020-08-03,117.63,118.0,127.0,118.0,122.08,4.45,3.783048542038596,224,0.244383561644,5.390710382513661,0.3276539973787681,-0.7525,92.65062348,29.42937652,31.76381918935793,6.75,14.81481481481482,114.6666666666667,7.413333333333333,6.465116279069767,20.0857,2.5069,-7.413333333333333,123.7624339262209,6,2019-12-23,0.4,上交所,可转债
123040.SZ,乐普转债,2020-08-03,133.03,133.9,140.0,132.359,138.0,4.97,3.735999398631888,214,0.175068493151,0.04644808743169399,0.1366120218579203,-4.8456,100.00361806,37.99638194,37.99500725784041,32.19,3.106554830692762,139.0804597701149,-1.080459770114943,-0.7768595041322314,34.9738,9.4605,1.080459770114943,139.0754279376869,5,2020-01-03,0.3,深交所,可转债
127017.SZ,万青转债,2020-08-03,150.513,150.52,157.0,150.5,156.0,5.487,3.645532279603755,62,0.067945205479,5.832876712328767,0.2564102564102564,-4.6932,93.59093656,62.40906344,66.68280683353385,14.16,7.062146892655367,137.9943502824859,18.00564971751413,13.04810644831116,15.4515,2.9304,-18.00564971751413,147.4441386682987,6,2020-06-03,0.4,深交所,可转债
123041.SZ,东财转2,2020-08-03,204.6,210.8,213.8,204.66,212.0,7.4,3.616813294232649,204,0.111232876712,0.06830601092896176,0.05876894525208962,-11.3912,99.84554984,112.15445016,112.3279408443588,13.13,7.616146230007616,211.2718964204113,0.7281035795887281,0.3446286950252343,63.9847,10.1215,-0.7281035795887281,211.5987109680594,6,2020-01-13,0.2,深交所,可转债
113019.SH,玲珑转债,2020-08-03,135.68,139.0,141.8,136.34,140.5,4.82,3.55247641509434,156,0.427397260274,0.08743169398907104,0.3646468093404199,-8.3587,100.1993795,40.3006205,40.22042920934455,18.12,5.518763796909492,133.4437086092715,7.056291390728477,5.287841191066997,16.1886,2.5186,-7.056291390728477,133.1781786226246,5,2018-03-01,0.3,上交所,可转债
128106.SZ,华统转债,2020-08-03,137.0,137.0,142.9,137.0,141.841,4.841,3.533576642335766,116,0.095342465753,5.684931506849315,0.2115044310178298,-3.9566,88.08609962,53.75490038,61.02540651918582,9.39,10.64962726304579,146.751863684771,-4.910863684771033,-3.346372278664731,34.8423,3.9783,4.910863684771033,166.6004787564132,6,2020-04-10,0.3,深交所,可转债
110034.SH,九州转债,2020-08-03,120.05,122.5,125.88,121.04,124.29,4.24,3.53186172428155,202,0.881095890411,1.450819672131148,1.287311931772468,-8.3818,104.68190238,19.60809762,18.73112464924618,18.32,5.458515283842795,110.207423580786,14.08257641921397,12.77824665676077,16.4264,2.2112,-14.08257641921397,105.2783920383183,6,2016-01-15,0.2,上交所,可转债
128069.SZ,华森转债,2020-08-03,115.16,115.17,121.8,115.17,119.15,3.99,3.464744703021883,41,0.078630136986,2.368852459016393,0.5874947545111204,0.1481,87.96513794,31.18486206,35.45138766367971,18.04,5.543237250554324,116.2971175166297,2.852882483370288,2.453098188751192,75.6654,7.6594,-2.852882483370288,132.2081909266767,6,2019-06-21,0.5,深交所,可转债
113541.SH,荣晟转债,2020-08-03,119.72,120.0,126.28,120.0,123.7,3.98,3.324423655195456,12,0.02301369863,1.901369863013699,0.5658852061438965,-1.4835,89.88489601,33.81510399,37.62045181232446,11.54,8.665511265164644,123.2235701906413,0.4764298093587522,0.3866385372714487,16.9702,2.4314,-0.4764298093587522,137.0904074661578,6,2019-07-23,0.5,上交所,可转债
128102.SZ,海大转债,2020-08-03,187.0,190.0,197.866,186.0,192.99,5.99,3.203208556149733,138,0.075616438356,0.3879781420765027,0.07921483617222136,-9.0261,98.57167701,94.41832299,95.78646306324012,34.74,2.878526194588371,190.097869890616,2.892130109383996,1.521390066626287,47.262,10.6205,-2.892130109383996,192.8524254196576,6,2020-03-19,0.2,深交所,可转债
128112.SZ,歌尔转2,2020-08-03,179.39,187.0,190.555,180.1,185.0,5.61,3.127264618986565,53,0.02904109589,0.5808219178082191,0.07819326175490811,-7.9588,97.78032121,87.21967879,89.1996239229781,23.27,4.297378599054577,185.6897292651483,-0.6897292651482596,-0.3714417958805832,89.7993,8.4711,0.6897292651482596,189.9050105044631,6,2020-06-12,0.2,深交所,可转债
113008.SH,电气转债,2020-08-03,114.12,114.53,118.37,114.53,117.67,3.55,3.110760602874167,184,0.802191780822,0.5,--,-18.8153,105.17057119,12.49942881,11.88491102460466,5.13,19.49317738791423,117.5438596491228,0.126140350877193,0.1073134328358209,201.2117,1.4389,-0.126140350877193,111.7649721962329,6,2015-02-02,0.2,上交所,可转债
128117.SZ,道恩转债,2020-08-03,118.52,119.146,124.888,118.603,122.2,3.68,3.10496118798515,33,0.036164383562,5.912328767123288,0.3273322422258593,0.1823,84.18645775,38.01354225,45.15398707341384,29.32,3.410641200545703,117.7353342428377,4.464665757162346,3.792120509849363,12.0015,8.6513,-4.464665757162346,139.8506807264232,6,2020-07-02,0.4,深交所,可转债
110042.SH,航电转债,2020-08-03,130.07,131.89,136.0,130.5,134.06,3.99,3.067578995925271,223,0.608219178082,0.09836065573770492,0.5258227903825824,-5.9538,100.34939344,33.71060656,33.5932340041058,14.18,7.052186177715091,133.9915373765867,0.0684626234132581,0.05109473684210526,111.6006,4.4773,-0.0684626234132581,133.5250097517547,6,2017-12-25,0.2,上交所,可转债
128045.SZ,机电转债,2020-08-03,136.5,137.5,141.3,136.047,140.6,4.1,3.003663003663004,343,0.468493150685,0.1065573770491803,0.3556187766714082,-6.0195,100.14979359,40.45020641,40.38970522055971,7.63,13.10615989515072,142.5950196592399,-1.995019659239843,-1.399080882352941,151.534,4.159,1.995019659239843,142.3817409379844,6,2018-08-24,0.2,深交所,可转债
128064.SZ,司尔转债,2020-08-03,109.155,109.163,112.75,109.163,112.4,3.245,2.972836791718199,118,0.19397260274,1.060109289617486,0.5338078291814946,0.4804,96.45190359,15.94809641,16.5347658432876,6.07,16.47446457990115,97.69357495881384,14.70642504118616,15.05362563237774,17.5069,1.1372,-14.70642504118616,101.2873477065751,6,2019-04-04,0.4,深交所,可转债
128075.SZ,远东转债,2020-08-03,128.5,128.878,132.4,128.878,132.301,3.801,2.957976653696498,316,0.258904109589,3.270491803278689,0.2267556556639783,-2.708,89.82604366,42.47495634,47.28579219270938,5.54,18.05054151624549,129.6028880866426,2.698111913357401,2.08183008356546,20.2653,1.4738,-2.698111913357401,144.2820843554033,6,2019-09-20,0.3,深交所,可转债
113562.SH,璞泰转债,2020-08-03,142.74,142.75,147.76,142.75,146.93,4.19,2.93540703376769,215,0.175890410959,0.3825136612021858,--,-5.7818,98.65923132,48.27076868,48.92676339980226,82.73,1.20875135984528,131.87477335912,15.05522664087997,11.41630522456462,127.7996,13.165,-15.05522664087997,133.6669377966121,5,2020-01-02,0.3,上交所,可转债
128036.SZ,金农转债,2020-08-03,158.47,160.1,167.0,159.0,163.1,4.63,2.92168864769357,148,0.405479452055,3.597260273972603,0.6131207847946045,-10.4778,71.99304847,91.10695153,126.5496509263181,7.39,13.53179972936401,161.7050067658999,1.394993234100135,0.8626778242677824,24.5692,3.6029,-1.394993234100135,224.6119732425048,6,2018-03-09,0.4,深交所,可转债
113034.SH,滨化转债,2020-08-03,117.7,117.7,125.0,117.7,120.97,3.27,2.778249787595582,116,0.095342465753,1.439890710382514,0.2479953707530793,-0.8862,94.3696071,26.6003929,28.1874575061148,4.68,21.36752136752137,114.1025641025641,6.867435897435898,6.018651685393259,56.3768,1.3178,-6.867435897435898,120.910288395769,6,2020-04-10,0.3,上交所,可转债
128095.SZ,恩捷转债,2020-08-03,140.107,140.109,144.6,139.0,143.9,3.793,2.707216627291998,175,0.190684931507,5.524590163934426,0.2779708130646282,-4.0024,90.47825992,53.42174008,59.04373064561032,64.49,1.550628004341758,123.8331524267328,20.06684757326717,16.20474580515903,116.3215,14.0494,-20.06684757326717,136.8650906153864,6,2020-02-11,0.4,深交所,可转债
127011.SZ,中鼎转2,2020-08-03,116.66,116.0,120.78,115.6,119.8,3.14,2.691582376135779,149,0.285753424658,1.560109289617486,0.5843071786310517,-0.866,95.55427717,24.24572283,25.37377033041084,11.59,8.628127696289905,89.04227782571182,30.75772217428818,34.54282945736434,19.2701,1.4404,-30.75772217428818,93.18502579146434,6,2019-03-07,0.5,深交所,可转债
113536.SH,三星转债,2020-08-03,128.1,129.5,133.8,129.0,131.5,3.4,2.654176424668228,65,0.08904109589,1.409836065573771,0.3802281368821293,-2.8234,95.07028538,36.42971462,38.31871806673228,19.54,5.117707267144319,132.3439099283521,-0.8439099283520983,-0.6376643464810519,32.6001,3.8237,0.8439099283520983,139.2063875682794,6,2019-05-31,0.4,上交所,可转债
110067.SH,华安转债,2020-08-03,117.0,117.66,120.5,117.66,120.1,3.1,2.64957264957265,145,0.079452054795,5.605479452054794,0.1665278934221482,-1.4928,89.61072886,30.48927114,34.02413028872222,8.67,11.53402537485582,102.6528258362168,17.44717416378316,16.99629213483146,25.3211,2.3685,-17.44717416378316,114.5541690622701,6,2020-03-12,0.2,上交所,可转债
123057.SZ,美联转债,2020-08-03,108.201,108.213,111.602,108.21,111.04,2.839,2.623820482250626,34,0.037260273973,2.693150684931507,0.3602305475504323,1.0847,85.44873546,25.59126454,29.9492606909083,9.91,10.09081735620585,94.6518668012109,16.3881331987891,17.31411513859275,79.1416,6.0344,-16.3881331987891,110.7703540510779,6,2020-07-01,0.4,深交所,可转债
128097.SZ,奥佳转债,2020-08-03,122.818,122.82,126.72,122.809,126.01,3.192,2.598967578042307,161,0.175342465753,5.562841530054645,0.3174351241964923,-1.6138,80.59615619,45.41384381,56.34740657226869,10.69,9.354536950420954,123.2927970065482,2.717202993451824,2.20386191198786,24.8142,2.0403,-2.717202993451824,152.9760261964525,6,2020-02-25,0.4,深交所,可转债
123002.SZ,国祯转债,2020-08-03,125.1,125.2,129.565,125.2,128.31,3.21,2.565947242206235,254,0.693150684932,3.308743169398907,0.7793624814901411,-4.6842,96.38902889,31.92097111,33.11680953485742,8.48,11.79245283018868,123.4669811320755,4.843018867924529,3.922521489971347,37.3063,2.0437,-4.843018867924529,128.0923592175382,6,2017-11-24,0.3,深交所,可转债
123039.SZ,开润转债,2020-08-03,117.588,117.41,120.899,117.41,120.5,2.912,2.476443174473586,222,0.302739726027,5.396174863387978,0.4149377593360996,0.1568,77.33716482,43.16283518,55.81124583563445,33.22,3.010234798314269,102.3780854906683,18.12191450933173,17.7009703028521,57.9126,8.1397,-18.12191450933173,132.3788966520175,6,2019-12-26,0.5,深交所,可转债
123038.SZ,联得转债,2020-08-03,130.379,130.45,134.44,130.45,133.5,3.121,2.393790411032452,223,0.304109589041,5.39344262295082,0.3745318352059925,-2.139,75.80381113,57.69618887,76.11251731268989,25.29,3.954132068011071,126.8880980624753,6.611901937524713,5.210813337488314,52.7575,6.6992,-6.611901937524713,167.3901300884043,6,2019-12-25,0.5,深交所,可转债
123053.SZ,宝通转债,2020-08-03,138.009,140.0,142.0,138.8,141.31,3.301,2.39187299379026,60,0.082191780822,1.409836065573771,0.3538320005661312,-2.6315,92.0105408,49.2994592,53.58022979906232,20.8,4.807692307692308,123.1730769230769,18.13692307692308,14.72474629195941,21.456,3.6616,-18.13692307692308,133.868441433046,6,2020-06-05,0.5,深交所,可转债
128059.SZ,视源转债,2020-08-03,137.142,138.319,142.4,138.319,140.4,3.258,2.375639847749048,146,0.24,0.07650273224043716,0.2025523943332194,-4.5241,99.95287985,40.44712015,40.4661878784276,74.97,1.333866880085368,140.6029078297986,-0.2029078297985861,-0.1443126838060905,107.3395,14.1172,0.2029078297985861,140.669191363773,6,2019-03-08,0.4,深交所,可转债
123045.SZ,雷迪转债,2020-08-03,111.877,111.56,114.697,111.56,114.5,2.623,2.344539092038578,145,0.198630136986,2.079234972677596,0.4366812227074236,0.7675,85.1702467,29.3297533,34.4366189325597,20.13,4.967709885742672,108.2960755091903,6.203924490809737,5.728669724770643,39.5535,2.2863,-6.203924490809737,127.1524736691766,6,2020-03-12,0.5,深交所,可转债
113025.SH,明泰转债,2020-08-03,114.33,115.0,118.7,114.99,116.99,2.66,2.326598443103297,116,0.190684931507,3.224043715846995,0.512864347380118,-0.3538,90.7314434,26.2585566,28.94096645661872,11.2,8.928571428571429,99.375,17.615,17.72578616352201,14.1662,0.9963,-17.615,109.5265282641806,6,2019-04-09,0.4,上交所,可转债
110055.SH,伊力转债,2020-08-03,129.06,128.99,132.2,128.99,131.91,2.85,2.208275220827522,142,0.272328767123,4.613698630136986,0.5306648472443333,-2.9863,94.62057485,37.28942515,39.4094257080071,16.81,5.94883997620464,120.7614515169542,11.14854848304581,9.231876847290641,264.313,3.2914,-11.14854848304581,127.6270533215369,6,2019-03-14,0.5,上交所,可转债
110066.SH,盛屯转债,2020-08-03,132.32,131.88,138.05,131.04,135.23,2.91,2.199214026602177,155,0.169863013699,1.621917808219178,0.2957923537676551,-2.8693,93.97026513,41.25973487,43.90722407021052,4.88,20.49180327868853,130.1229508196721,5.107049180327869,3.924787401574803,-159.287,1.6312,-5.107049180327869,138.4724738614475,6,2020-03-02,0.4,上交所,可转债
128019.SZ,久立转2,2020-08-03,125.8,126.0,129.449,124.601,128.5,2.7,2.146263910969793,270,0.73698630137,0.4289617486338798,0.7782101167315175,-4.7905,99.48594073,29.01405927,29.16397940965623,7.62,13.12335958005249,120.997375328084,7.502624671916011,6.200650759219089,24.3854,2.3529,-7.502624671916011,121.6225875136116,6,2017-11-08,0.3,深交所,可转债
123029.SZ,英科转债,2020-08-03,1068.0,1072.0,1099.99,1052.202,1090.79,22.79,2.133895131086142,354,0.483561643836,5.03551912568306,0.04583833735182757,-34.1877,112.00729723,978.78270277,873.8561923872967,16.11,6.207324643078833,1087.957790192427,2.832209807572936,0.2603235008843499,75.2484,20.4766,-2.832209807572936,971.3275983781429,6,2019-08-16,0.5,深交所,可转债
128017.SZ,金禾转债,2020-08-03,141.3,142.0,149.0,140.15,144.3,3.0,2.123142250530786,277,0.756164383562,3.245901639344262,0.693000693000693,-8.2166,96.7148072,47.5851928,49.20155886946751,22.42,4.460303300624442,136.0838537020517,8.21614629794826,6.037561455260571,28.0497,4.0817,-8.21614629794826,140.7063278538508,6,2017-11-01,0.3,深交所,可转债
123048.SZ,应急转债,2020-08-03,122.53,124.0,126.5,123.8,125.12,2.59,2.113768056802416,116,0.095342465753,5.684931506849315,0.239769820971867,-1.7914,89.97448858,35.14551142,39.06164066578793,8.9,11.23595505617978,114.4943820224719,10.62561797752809,9.280471050049067,-105.8101,4.4066,-10.62561797752809,127.2520509196007,6,2020-04-10,0.3,深交所,可转债
128079.SZ,英联转债,2020-08-03,130.41,131.3,134.8,131.0,133.1,2.69,2.062725251131048,288,0.314520547945,3.019125683060109,0.3005259203606311,-2.3455,71.13120551,61.96879449,87.11899938387533,13.41,7.457121551081283,133.3333333333333,-0.2333333333333333,-0.175,57.5355,5.2413,0.2333333333333333,187.4470316893317,6,2019-10-21,0.4,深交所,可转债
123051.SZ,今天转债,2020-08-03,122.001,122.99,125.498,122.181,124.5,2.499,2.048343866033885,61,0.083561643836,1.199453551912568,0.4016064257028112,-10.8972,90.89095888,33.60904112,36.97732044435001,8.8,11.36363636363636,124.0909090909091,0.4090909090909091,0.3296703296703297,30.6664,3.6581,-0.4090909090909091,136.5272306729009,6,2020-06-04,0.5,深交所,可转债
128116.SZ,瑞达转债,2020-08-03,113.006,113.3,115.757,113.3,115.305,2.299,2.034405252818434,36,0.039452054795,5.904109589041096,0.3469060318286285,-0.0007,88.72835561,26.57664439,29.95281971280522,29.82,3.35345405767941,103.5546613011402,11.75033869885983,11.34699158031088,164.7794,7.9403,-11.75033869885983,116.7097717400605,6,2020-06-29,0.4,深交所,可转债
123030.SZ,九洲转债,2020-08-03,129.0,130.001,133.4,129.4,131.601,2.601,2.016279069767442,350,0.478082191781,1.117486338797814,0.3799363226723201,-12.1001,94.2291413,37.3718587,39.6606168584495,5.65,17.69911504424779,132.3893805309735,-0.7883805309734513,-0.5955013368983957,40.4181,1.3103,0.7883805309734513,140.49728003939,6,2019-08-20,0.5,深交所,可转债
113028.SH,环境转债,2020-08-03,132.31,132.99,135.6,132.99,134.95,2.64,1.995314035220316,47,0.064383561644,0.1256830601092896,0.09338821582828455,-4.033,99.65448673,35.29551327,35.41788676873957,10.44,9.578544061302683,132.088122605364,2.861877394636015,2.166642494561276,22.4926,1.9207,-2.861877394636015,132.5460869245541,6,2019-06-17,0.2,上交所,可转债
110038.SH,济川转债,2020-08-03,117.56,117.55,120.9,117.5,119.9,2.34,1.990472949982987,265,0.578630136986,2.278688524590164,0.6672226855713094,-4.4197,99.61901349,20.28098651,20.35854983851638,24.27,4.120313143798929,106.6749072929543,13.22509270704574,12.39756662804172,11.3634,3.2621,-13.22509270704574,107.0828786149971,5,2017-11-13,0.2,上交所,可转债
110062.SH,烽火转债,2020-08-03,127.18,127.5,130.51,127.5,129.65,2.47,1.9421292656078,246,0.134246575342,5.330601092896175,0.154261473197069,-2.922,91.09727667,38.55272333,42.32039061898336,25.65,3.898635477582846,113.0214424951267,16.6285575048733,14.71274577440497,-44.612,3.2237,-16.6285575048733,124.0667631641141,6,2019-11-28,0.2,上交所,可转债
127014.SZ,北方转债,2020-08-03,112.813,112.837,115.299,112.837,115.0,2.187,1.938606366287573,285,0.38904109589,5.224043715846994,0.4347826086956522,0.1019,93.98592705,21.01407295,22.35874413285367,8.75,11.42857142857143,95.08571428571429,19.91428571428572,20.94350961538462,29.2788,1.3169,-19.91428571428572,101.1701616084812,6,2019-10-24,0.5,深交所,可转债
128092.SZ,唐人转债,2020-08-03,138.9,140.0,143.8,140.0,141.5,2.6,1.871850251979842,218,0.237808219178,0.1912568306010929,0.2216686941242332,-3.7849,99.45839455,42.04160545,42.27054502560337,8.63,11.58748551564311,141.8308227114716,-0.3308227114716107,-0.2332516339869281,11.8589,2.8721,0.3308227114716107,142.6031692479915,6,2019-12-30,0.4,深交所,可转债
123034.SZ,通光转债,2020-08-03,140.769,141.5,144.48,141.3,143.4,2.631,1.869019457408947,274,0.37397260274,5.254098360655738,0.3486750348675035,-3.6361,76.32771472,67.07228528,87.87409072320251,7.97,12.54705144291092,143.66373902133,-0.2637390213299875,-0.1835807860262009,703.9924,4.0403,0.2637390213299875,188.2196257916865,6,2019-11-04,0.5,深交所,可转债
128022.SZ,众信转债,2020-08-03,129.053,130.5,135.5,128.35,131.4,2.347,1.818632654800741,247,0.67397260274,2.382513661202186,0.76103500761035,-5.3488,71.68600404,59.71399596,83.29937867185379,7.91,12.64222503160556,131.6055625790139,-0.2055625790139064,-0.1561959654178674,-81.4185,4.1799,0.2055625790139064,183.5861328043609,6,2017-12-01,0.3,深交所,可转债
128084.SZ,木森转债,2020-08-03,138.35,138.852,142.0,137.361,140.85,2.5,1.807011203469461,232,0.253150684932,0.1065573770491803,0.2095008641910614,-3.4123,99.81775783,41.03224217,41.10715674447643,12.8,7.8125,141.640625,-0.790625,-0.5581908439051296,51.1064,2.2947,0.790625,141.8992252272674,6,2019-12-13,0.4,深交所,可转债
113561.SH,正裕转债,2020-08-03,115.45,115.45,118.33,115.45,117.49,2.04,1.76699870073625,217,0.295890410959,5.409836065573771,0.4255681334581666,0.1622,75.38160536,42.10839464,55.86030496286581,10.23,9.775171065493646,112.8054740957967,4.684525904203324,4.152746967071058,121.927,2.9142,-4.684525904203324,149.6458898123375,6,2019-12-31,0.5,上交所,可转债
128088.SZ,深南转债,2020-08-03,146.1,148.0,150.588,146.499,148.68,2.58,1.765913757700205,224,0.183287671233,0.08469945355191257,0.1400300789019909,-4.7164,99.82891751,48.85108249,48.93480136665463,105.79,0.9452689290103035,149.9669155874846,-1.286915587484639,-0.8581329971635676,68.3738,14.8844,1.286915587484639,150.2239224145271,6,2019-12-24,0.3,深交所,可转债
123017.SZ,寒锐转债,2020-08-03,146.291,147.0,149.43,143.064,148.87,2.579,1.762924581826633,258,0.352054794521,0.5601092896174863,0.335863505071539,-6.7649,97.24430516,51.62569484,53.08865619951538,57.48,1.73973556019485,127.7835768963118,21.08642310368824,16.50166916269571,217.4505,11.3759,-21.08642310368824,131.4046891343038,6,2018-11-20,0.3,深交所,可转债
128046.SZ,利尔转债,2020-08-03,128.5,130.8,132.1,129.398,130.702,2.202,1.713618677042802,292,0.478356164384,2.254098360655738,0.4590595400223409,-3.4927,93.89342273,36.80857727,39.2025087591564,18.62,5.370569280343717,119.1192266380236,11.58277336197637,9.723680793507665,34.8722,3.5888,-11.58277336197637,126.866422774429,6,2018-10-16,0.4,深交所,可转债
128042.SZ,凯中转债,2020-08-03,111.49,111.49,113.399,111.49,113.399,1.909,1.712261189344336,5,0.013698630137,3.989041095890411,0.8818419915519538,0.6462,90.97844191,22.42055809,24.64381409408993,12.94,7.727975270479135,96.52241112828439,16.87658887171561,17.4846325060048,54.6524,2.8035,-16.87658887171561,106.0937174806409,6,2018-07-27,0.4,深交所,可转债
128065.SZ,雅化转债,2020-08-03,124.913,124.913,127.8,124.913,127.0,2.087,1.670762850944257,110,0.180821917808,0.5780821917808219,0.4141948009923386,-2.8961,98.03695956,28.96304044,29.54298110629819,8.95,11.1731843575419,110.5027932960894,16.49720670391061,14.92922143579373,397.9519,3.5468,-16.49720670391061,112.7154430247912,6,2019-04-16,0.4,深交所,可转债
123043.SZ,正元转债,2020-08-03,115.28,115.282,117.79,115.282,117.188,1.908,1.655100624566273,152,0.208219178082,1.543715846994536,0.4266648462299894,0.6483,88.60833258,28.57966742,32.25392757977571,15.41,6.489292667099286,107.5924724205062,9.595527579493835,8.918400482509048,-161.2352,3.2512,-9.595527579493835,121.4247794623224,6,2020-03-05,0.5,深交所,可转债
128044.SZ,岭南转债,2020-08-03,103.7,104.67,106.77,104.67,105.4,1.7,1.639344262295082,356,0.486301369863,4.030054644808743,0.4743833017077799,1.5071,74.57828101,30.82171899,41.32800940513391,5.91,16.92047377326565,77.32656514382403,28.07343485617597,36.30503282275711,-10.2213,1.5227,-28.07343485617597,103.6850998663478,6,2018-08-14,0.3,深交所,可转债
128101.SZ,联创转债,2020-08-03,117.64,117.99,120.0,117.199,119.54,1.9,1.615096905814349,141,0.115890410959,5.616438356164384,0.2509620210808098,-0.6834,89.86934136,29.67065864,33.01532891082935,14.48,6.906077348066298,84.3232044198895,35.2167955801105,41.76406224406225,65.0888,4.462,-35.2167955801105,93.82866631024513,6,2020-03-16,0.3,深交所,可转债
113546.SH,迪贝转债,2020-08-03,109.3,109.39,111.91,109.39,111.01,1.71,1.564501372369625,286,0.390410958904,5.221311475409836,0.4504098729844158,1.721,78.35133502,32.65866498,41.68233377473853,14.1,7.092198581560283,98.08510638297872,12.92489361702128,13.17722342733189,31.5636,2.7202,-12.92489361702128,125.1862605250331,6,2019-10-23,0.5,上交所,可转债
123046.SZ,天铁转债,2020-08-03,141.0,142.0,145.977,138.013,143.201,2.201,1.560992907801418,138,0.18904109589,3.183060109289618,0.3491595729080104,-3.4202,83.75579762,59.44520238,70.97443289801005,10.12,9.881422924901186,145.0592885375494,-1.858288537549407,-1.281054495912807,1117.3748,4.3334,1.858288537549407,173.1931312930519,6,2020-03-19,0.5,深交所,可转债
113035.SH,福莱转债,2020-08-03,172.64,175.3,179.99,170.75,175.27,2.63,1.523401297497683,69,0.075616438356,0.4972677595628415,0.1563146018940663,-6.3663,98.04518585,77.22481415,78.76451401514683,13.56,7.374631268436578,172.5663716814159,2.703628318584071,1.566717948717949,53.017,9.6539,-2.703628318584071,176.0069810520084,6,2020-05-27,0.4,上交所,可转债
123010.SZ,博世转债,2020-08-03,115.547,115.55,117.305,115.547,117.3,1.753,1.517131556855652,30,0.082191780822,3.92054794520548,0.8525149190110827,-1.1245,75.67991956,41.62008044,54.99487933123802,12.28,8.143322475570033,102.1986970684039,15.10130293159609,14.77641434262948,18.3626,2.5936,-15.10130293159609,135.0407051997188,6,2018-07-05,0.4,深交所,可转债
128071.SZ,合兴转债,2020-08-03,120.2,120.2,122.2,119.123,121.989,1.789,1.488352745424293,354,0.290136986301,5.03551912568306,0.2459238128027937,-1.1701,92.63893387,29.35006613,31.6822149218458,4.28,23.36448598130841,111.9158878504673,10.07311214953271,9.000609603340292,38.0772,1.8744,-10.07311214953271,120.8086958422024,6,2019-08-15,0.3,深交所,可转债
113526.SH,联泰转债,2020-08-03,155.57,155.67,160.0,155.67,157.87,2.3,1.478434145400784,194,0.264383561644,4.472677595628415,0.3167162855514031,-7.7442,93.07194501,64.79805499,69.62146862090167,6.11,16.36661211129296,153.518821603928,4.351178396072013,2.834296375266525,20.9322,2.8767,-4.351178396072013,164.9463988180685,6,2019-01-23,0.3,上交所,可转债
113563.SH,柳药转债,2020-08-03,125.2,126.01,127.41,126.0,127.05,1.85,1.477635782747604,201,0.164383561644,5.453551912568306,0.2361275088547816,-2.1331,89.10273686,37.94726314,42.58821274998937,24.47,4.086636697997548,111.9738455251328,15.07615447486719,13.46399635036496,13.428,2.1803,-15.07615447486719,125.6682448498393,6,2020-01-16,0.3,上交所,可转债
123022.SZ,长信转债,2020-08-03,203.3,210.0,213.18,203.199,206.3,3.0,1.4756517461879,139,0.228493150685,4.621917808219179,0.290838584585555,-12.0805,94.48966014,111.81033986,118.330767297011,6.15,16.26016260162602,200.6504065040651,5.649593495934959,2.815640194489465,30.6414,4.6003,-5.649593495934959,212.3517072733383,6,2019-03-15,0.4,深交所,可转债
113580.SH,康隆转债,2020-08-03,140.59,141.9,149.0,141.01,142.65,2.06,1.465253574222918,103,0.112876712329,1.295081967213115,0.2804065895548545,-18.2825,92.63029856,50.01970144,53.99928772506377,15.51,6.447453255963894,137.8465506125081,4.80344938749194,3.484635173058934,64.292,3.0446,-4.80344938749194,148.8136740952204,6,2020-04-23,0.4,上交所,可转债
128066.SZ,亚泰转债,2020-08-03,116.511,116.8,118.218,116.71,118.218,1.707,1.465097716095476,109,0.238904109589,4.704109589041096,0.6767158977482278,-0.1322,87.45722276,30.76077724,35.17236915287567,9.67,10.34126163391934,114.0641158221303,4.1538841778697,3.641709882139619,59.1275,1.9812,-4.1538841778697,130.4227509432182,6,2019-04-17,0.5,深交所,可转债
113558.SH,日月转债,2020-08-03,137.64,138.01,140.0,137.7,139.65,2.01,1.460331299040977,225,0.245479452055,0.04371584699453552,0.1878231879464447,-3.5588,100.06625592,39.58374408,39.55753487134167,13.84,7.22543352601156,140.3901734104046,-0.7401734104046243,-0.5272259392691714,17.725,3.8009,0.7401734104046243,140.2972181977533,6,2019-12-23,0.4,上交所,可转债
128074.SZ,游族转债,2020-08-03,132.319,133.002,134.48,132.014,134.212,1.893,1.430633544691239,316,0.345205479452,5.139344262295082,0.2980359431347421,-2.1474,96.3006767,37.9113233,39.36766033130066,17.06,5.861664712778429,132.5322391559203,1.679760844079719,1.267435647943388,14.0752,4.0375,-1.679760844079719,137.6233726464772,6,2019-09-23,0.4,深交所,可转债
113557.SH,森特转债,2020-08-03,107.41,107.41,108.98,107.41,108.94,1.53,1.424448375384043,229,0.249863013699,0.7397260273972602,0.3671745915182669,1.9663,95.93790811,13.00209189,13.55261141934857,10.26,9.746588693957115,94.15204678362574,14.78795321637427,15.70645962732919,27.1702,2.2724,-14.78795321637427,98.1385237998658,6,2019-12-19,0.4,上交所,可转债
127016.SZ,鲁泰转债,2020-08-03,107.06,107.301,109.081,107.301,108.555,1.495,1.396413226228283,117,0.096164383562,5.682191780821918,0.2763576067431256,1.2272,92.45445573,16.10054427,17.41456822483422,8.91,11.22334455667789,91.0213243546577,17.53367564534231,19.26326140567201,24.1444,0.8868,-17.53367564534231,98.4499055626615,6,2020-04-09,0.3,深交所,可转债
113579.SH,健友转债,2020-08-03,133.99,134.21,137.01,134.2,135.86,1.87,1.395626539293977,103,0.084657534247,5.720547945205479,0.2208155454143972,-3.0417,88.7181722,47.1418278,53.1366084658809,42.05,2.378121284185494,111.4863258026159,24.37367419738407,21.86247866894198,53.6058,13.5739,-24.37367419738407,125.6634610903491,6,2020-04-23,0.3,上交所,可转债
123054.SZ,思特转债,2020-08-03,115.8,116.99,117.4,116.444,117.4,1.6,1.381692573402418,55,0.075342465753,5.852054794520548,0.4258943781942078,0.63,83.42807845,33.97192155,40.72000959528273,16.49,6.064281382656155,107.337780473014,10.06221952698605,9.374350282485876,-19.1386,3.6719,-10.06221952698605,128.6590587572306,6,2020-06-10,0.5,深交所,可转债
113585.SH,寿仙转债,2020-08-03,133.91,135.0,137.45,132.51,135.75,1.84,1.37405720259876,56,0.076712328767,2.841095890410959,0.3683241252302026,-2.4418,84.90016116,50.84983884,59.89368941734998,28.68,3.486750348675035,142.8521617852162,-7.102161785216179,-4.971686599951184,44.8035,4.8569,7.102161785216179,168.2589995512515,6,2020-06-09,0.5,上交所,可转债
128110.SZ,永兴转债,2020-08-03,126.3,126.0,129.3,126.0,128.02,1.72,1.361836896278702,56,0.04602739726,0.5573770491803278,0.1662839496397204,-2.1173,97.71345931,30.30654069,31.01572792940555,17.16,5.827505827505828,115.5011655011655,12.5188344988345,10.83870837537841,21.8373,2.0252,-12.5188344988345,118.2039468429147,6,2020-06-09,0.3,深交所,可转债
128096.SZ,奥瑞转债,2020-08-03,124.346,123.01,126.385,123.01,126.0,1.654,1.330159393949142,175,0.238356164384,1.575342465753425,0.3968253968253968,-1.5181,95.05779647,30.94220353,32.55093709200936,4.64,21.55172413793104,115.5172413793104,10.48275862068966,9.074626865671641,71.6606,2.1768,-10.48275862068966,121.5231634532653,6,2020-02-11,0.5,深交所,可转债
128030.SZ,天康转债,2020-08-03,228.45,229.8,236.483,228.45,231.48,3.03,1.326329612606697,226,0.616438356164,3.385245901639344,0.4320027648176948,-19.5283,98.21876116,133.26123884,135.6779878570401,7.85,12.73885350318471,230.1910828025478,1.288917197452229,0.5599335915882678,14.4993,3.9255,-1.288917197452229,234.365695600215,6,2017-12-22,0.3,深交所,可转债
128091.SZ,新天转债,2020-08-03,146.549,147.0,151.8,146.217,148.466,1.917,1.308094903411146,218,0.356712328767,5.407103825136612,0.4041329327926933,-3.9533,76.4300542,72.0359458,94.25081082828801,16.49,6.064281382656155,138.6294724075197,9.83652759248029,7.095552930883639,53.1022,3.5546,-9.83652759248029,181.3808374971945,6,2019-12-30,0.6,深交所,可转债
113576.SH,起步转债,2020-08-03,107.14,107.44,108.87,107.44,108.54,1.4,1.306701512040321,116,0.158904109589,5.684931506849315,0.4606596646397642,2.0967,98.70123151,9.83876849,9.968232756045376,10.55,9.47867298578199,97.81990521327015,10.72009478672986,10.95901162790698,39.056,2.8545,-10.72009478672986,99.10707669676789,6,2020-04-10,0.5,上交所,可转债
123047.SZ,久吾转债,2020-08-03,120.289,120.289,123.0,119.512,121.85,1.561,1.297708019852189,137,0.187671232877,1.215846994535519,0.4103405826836274,-10.9371,90.9563925,30.8936075,33.96529551235225,17.61,5.678591709256105,116.9222032935832,4.927796706416808,4.214594463331714,51.7448,3.125,-4.927796706416808,128.5475380892918,6,2020-03-20,0.5,深交所,可转债
128058.SZ,拓邦转债,2020-08-03,124.913,125.0,126.96,125.0,126.5,1.587,1.270484257042902,150,0.246575342466,0.3142076502732241,0.3430613460393123,-0.696,99.07735531,27.42264469,27.67801442034676,5.47,18.28153564899452,112.4314442413163,14.06855575868373,12.5130081300813,25.1492,2.5737,-14.06855575868373,113.4784471078513,6,2019-03-07,0.4,深交所,可转债
113532.SH,海环转债,2020-08-03,107.14,107.15,108.65,107.15,108.5,1.36,1.269367183124883,124,0.203835616438,4.663013698630137,0.5529953917050692,0.8733,95.22479354,13.27520646,13.94091388018986,7.69,13.00390117035111,88.42652795838751,20.07347204161248,22.70073529411765,22.5006,1.8329,-20.07347204161248,92.86082402609063,6,2019-04-02,0.4,上交所,可转债
128085.SZ,鸿达转债,2020-08-03,109.758,109.8,111.394,109.513,111.15,1.392,1.268244683758815,232,0.253150684932,5.368852459016393,0.3598740440845704,2.2294,--,--,--,3.92,25.51020408163265,103.3163265306122,7.833673469387755,7.582222222222223,15.7926,1.3788,-7.833673469387755,--,6,2019-12-13,0.4,深交所,可转债
113553.SH,金牌转债,2020-08-03,130.16,132.52,132.79,129.55,131.81,1.65,1.267670559311616,235,0.256438356164,0.3360655737704918,0.2960048057250815,-1.0655,98.1994318,33.6105682,34.22684590319595,44.14,2.265518803806072,123.8106026280018,7.999397371998188,6.460995425434584,201.9382,4.4659,-7.999397371998188,126.0807729317247,6,2019-12-13,0.4,上交所,可转债
113574.SH,华体转债,2020-08-03,111.39,111.6,114.02,111.54,112.79,1.4,1.25684531825119,126,0.172602739726,5.657534246575342,0.443301711144605,0.5713,72.3534236,40.4365764,55.8875784835702,33.99,2.942041776993233,84.55428067078553,28.23571932921448,33.39360125260961,34.5246,5.7582,-28.23571932921448,116.8628607517413,6,2020-03-31,0.5,上交所,可转债
123033.SZ,金力转债,2020-08-03,115.26,115.261,117.38,115.261,116.69,1.43,1.240673260454624,277,0.302465753425,1.076502732240437,0.3427885851401148,0.86,94.38826267,22.30173733,23.62765951945877,41.09,2.433682161109759,95.40034071550255,21.28965928449744,22.316125,88.5591,11.7763,-21.28965928449744,101.07224989302,6,2019-11-01,0.4,深交所,可转债
113588.SH,润达转债,2020-08-03,128.7,128.64,131.02,128.64,130.27,1.57,1.21989121989122,48,0.039452054795,5.871232876712329,0.2302909342135565,-2.2552,88.00894334,42.26105666,48.01904790145615,13.36,7.485029940119761,112.9491017964072,17.32089820359282,15.33513585155732,68.9901,3.1329,-17.32089820359282,128.3382091750122,6,2020-06-17,0.3,上交所,可转债
110056.SH,亨通转债,2020-08-03,120.31,120.5,122.21,120.41,121.77,1.46,1.213531709749813,138,0.18904109589,2.341530054644809,0.4106101667077277,-1.2897,93.48671309,28.28328691,30.25380396331998,15.58,6.418485237483954,108.023106546855,13.74689345314506,12.72588235294118,35.1948,2.3959,-13.74689345314506,115.549154501625,6,2019-03-18,0.3,上交所,可转债
128094.SZ,星帅转债,2020-08-03,115.403,115.5,117.17,115.1,116.801,1.398,1.211406982487457,201,0.27397260274,1.562841530054645,0.4280785267249424,0.7427,88.62921649,28.17178351,31.78611368315392,13.95,7.168458781362007,106.9534050179211,9.847594982078853,9.207369302949061,29.462,3.3375,-9.847594982078853,120.6751105940203,6,2020-01-16,0.5,深交所,可转债
128103.SZ,同德转债,2020-08-03,148.7,148.008,156.897,147.702,150.49,1.79,1.203765971755212,131,0.179452054795,1.578082191780822,0.3322479898996611,-3.7547,88.26027518,62.22972482,70.50705959514322,5.18,19.3050193050193,143.6293436293436,6.860656370656371,4.776639784946236,484.4266,2.5547,-6.860656370656371,162.7338497828414,6,2020-03-26,0.5,深交所,可转债
113516.SH,苏农转债,2020-08-03,106.0,106.59,107.38,106.41,107.27,1.27,1.19811320754717,2,0.005479452055,3.997260273972603,0.9322270905192505,1.6292,98.06219259,9.20780741,9.389762931875312,5.52,18.11594202898551,86.05072463768116,21.21927536231884,24.65903157894737,8.8288,0.7314,-21.21927536231884,87.75117337775728,6,2018-08-02,0.5,上交所,可转债
110069.SH,瀚蓝转债,2020-08-03,148.01,148.01,151.98,147.63,149.77,1.76,1.189108843997027,119,0.065205479452,0.7342465753424657,0.133538091740669,-4.8186,97.25267357,52.51732643,54.00090763797806,20.2,4.950495049504951,132.9207920792079,16.84920792079208,12.67612662942272,37.8792,3.0727,-16.84920792079208,136.6757202654536,6,2020-04-07,0.2,上交所,可转债
128107.SZ,交科转债,2020-08-03,116.45,117.45,118.0,117.006,117.821,1.371,1.17732932589094,104,0.11397260274,1.928767123287671,0.3394980521299259,-0.3846,93.54267356,24.27832644,25.95427895742945,5.36,18.65671641791045,107.6492537313433,10.17174626865672,9.4489705372617,14.4955,0.994,-10.17174626865672,115.0803688140206,6,2020-04-22,0.4,深交所,可转债
110061.SH,川投转债,2020-08-03,118.41,118.41,120.1,118.03,119.8,1.39,1.173887340596233,267,0.145753424658,3.497267759562841,0.1669449081803005,-1.4627,90.89270231,28.90729769,31.80376086895111,9.58,10.4384133611691,100.3131524008351,19.48684759916493,19.42601456815817,20.1306,1.5677,-19.48684759916493,110.3643635313048,6,2019-11-08,0.2,上交所,可转债
128041.SZ,盛路转债,2020-08-03,141.272,142.272,144.8,141.3,142.9,1.628,1.152386884874568,18,0.049315068493,3.953424657534247,0.6997900629811057,-5.5804,82.82167247,60.07832753,72.53937977618335,6.85,14.5985401459854,111.5328467153285,31.36715328467153,28.12369109947644,321.109,2.4455,-31.36715328467153,134.6662575012939,6,2018-07-17,0.5,深交所,可转债
113570.SH,百达转债,2020-08-03,112.04,112.03,113.52,111.39,113.33,1.29,1.151374509103891,146,0.16,2.638356164383562,0.352951557398747,0.314,81.42725106,31.90274894,39.17944978455963,11.54,8.665511265164644,103.8128249566724,9.517175043327557,9.16762938230384,49.3456,2.7732,-9.517175043327557,127.4915014387229,6,2020-03-11,0.4,上交所,可转债
123014.SZ,凯发转债,2020-08-03,120.021,120.615,121.65,120.159,121.399,1.378,1.148132410161555,8,0.021917808219,2.980821917808219,0.8237300142505293,-3.7369,85.7577232,35.6412768,41.56042799419843,8.12,12.31527093596059,108.9901477832512,12.40885221674877,11.38529717514124,-15.5462,2.1187,-12.40885221674877,127.0907665413058,5,2018-07-27,0.4,深交所,可转债
127004.SZ,模塑转债,2020-08-03,147.804,147.79,153.3,147.2,149.5,1.696,1.147465562501691,63,0.258904109589,2.83013698630137,1.003344481605351,-9.4567,96.16319812,53.33680188,55.46487941617972,7.59,13.17523056653491,101.9762845849802,47.52371541501977,46.60271317829457,-11.0176,2.7351,-47.52371541501977,106.0450219820333,6,2017-06-02,0.5,深交所,可转债
128083.SZ,新北转债,2020-08-03,113.713,113.75,115.759,113.75,115.0,1.287,1.131796716294531,236,0.193150684932,5.35792349726776,0.2608695652173913,0.0331,91.1141061,23.8858939,26.21536326524966,11.7,8.547008547008547,91.7094017094017,23.29059829059829,25.39608574091333,118.4119,2.0952,-23.29059829059829,100.6533517529639,6,2019-12-12,0.3,深交所,可转债
110052.SH,贵广转债,2020-08-03,112.03,112.03,113.98,112.03,113.28,1.25,1.115772560921182,152,0.333150684932,4.586301369863014,0.7062146892655368,1.0091,99.08818353,14.19181647,14.32241056846428,7.94,12.59445843828715,94.7103274559194,18.5696725440806,19.6068085106383,-20.3608,1.7683,-18.5696725440806,95.58185858482797,6,2019-03-04,0.5,上交所,可转债
123012.SZ,万顺转债,2020-08-03,117.696,117.77,120.0,117.77,119.001,1.305,1.108788743882545,15,0.041095890411,3.961643835616438,0.8403290728649339,-1.9318,86.4541003,32.5468997,37.64645006663726,5.31,18.83239171374765,104.331450094162,14.66954990583804,14.06052527075812,-149.8934,1.1048,-14.66954990583804,120.678429053251,6,2018-07-20,0.4,深交所,可转债
113505.SH,杭电转债,2020-08-03,105.91,105.96,108.0,105.91,107.08,1.17,1.104711547540364,151,0.413698630137,3.589041095890411,0.9338812103100486,1.3619,97.24695282,9.83304718,10.11141932457314,7.14,14.00560224089636,86.41456582633053,20.66543417366947,23.91429497568882,128.4537,1.7782,-20.66543417366947,88.86094969605911,6,2018-03-06,0.3,上交所,可转债
113549.SH,白电转债,2020-08-03,111.89,111.89,113.51,111.32,113.12,1.23,1.099293949414604,263,0.215342465753,5.284153005464481,0.2652050919377652,0.3352,91.38216674,21.73783326,23.78782867104514,8.88,11.26126126126126,98.42342342342343,14.69657657657658,14.93199084668192,-12.1732,1.6669,-14.69657657657658,107.7052853249334,6,2019-11-15,0.3,上交所,可转债
128109.SZ,楚江转债,2020-08-03,127.205,127.8,130.88,127.8,128.6,1.395,1.096655005699462,61,0.066849315068,5.835616438356165,0.3110419906687403,-1.8863,89.07203886,39.52796114,44.37751919222207,8.73,11.45475372279496,110.7674684994273,17.83253150057274,16.09906928645295,105.5398,2.3208,-17.83253150057274,124.35717192185,6,2020-06-04,0.4,深交所,可转债
123023.SZ,迪森转债,2020-08-03,99.197,99.197,100.5,99.197,100.28,1.083,1.091766888111536,137,0.225205479452,2.139344262295082,0.5983246908655764,3.0464,89.34171741,10.93828259,12.24319713914038,7.04,14.20454545454546,74.28977272727273,25.99022727272727,34.98493307839388,-27.624,1.4048,-25.99022727272727,83.15238936626652,6,2019-03-19,0.4,深交所,可转债
128073.SZ,哈尔转债,2020-08-03,107.999,108.099,109.36,108.09,109.175,1.176,1.088898971286771,348,0.380273972603,2.248633879781421,0.3663842454774445,1.467,89.08312127,20.09187873,22.55408032808368,5.72,17.48251748251748,94.05594405594405,15.11905594405594,16.07453531598513,-24.3674,2.7149,-15.11905594405594,105.5822278284031,5,2019-08-22,0.4,深交所,可转债
123055.SZ,晨光转债,2020-08-03,149.95,149.952,152.0,149.5,151.58,1.63,1.08702900966989,48,0.065753424658,0.5628415300546448,0.2286418673081871,-3.3846,96.67643044,54.90356956,56.79105994100045,12.25,8.16326530612245,138.7755102040816,12.80448979591837,9.226764705882353,28.6167,4.6276,-12.80448979591837,143.546373787776,6,2020-06-17,0.5,深交所,可转债
128026.SZ,众兴转债,2020-08-03,110.01,110.01,112.487,110.01,111.2,1.19,1.081719843650577,235,0.641095890411,3.360655737704918,0.8992805755395683,-0.2467,90.33365742,20.86634258,23.09918935639172,11.45,8.733624454148472,92.40174672489083,18.79825327510917,20.34404536862004,34.6286,1.6295,-18.79825327510917,102.2893895409055,6,2017-12-13,0.4,深交所,可转债
128093.SZ,百川转债,2020-08-03,109.52,109.526,110.781,109.521,110.668,1.148,1.048210372534697,214,0.291780821918,1.578082191780822,0.4518017855206564,3.1677,91.75717026,18.91082974,20.60964792878302,5.87,17.03577512776831,89.26746166950596,21.40053833049404,23.97350381679389,128.1632,1.9556,-21.40053833049404,97.28663320431605,6,2020-01-03,0.5,深交所,可转债
113591.SH,胜达转债,2020-08-03,106.16,105.84,107.8,105.84,107.27,1.11,1.04559155990957,34,0.046575342466,3.398907103825137,0.4661135452596252,2.275,82.39501311,24.87498689,30.18991799514746,14.73,6.788866259334691,92.66802443991854,14.60197556008147,15.7572967032967,218.0175,3.8684,-14.60197556008147,112.4680013294054,6,2020-07-01,0.5,上交所,可转债
113589.SH,天创转债,2020-08-03,104.32,105.0,107.5,104.75,105.41,1.09,1.044861963190184,41,0.044931506849,5.890410958904109,0.3794706384593492,1.5631,70.01657859,35.39342141,50.55005846151843,12.64,7.911392405063291,82.4367088607595,22.97329113924051,27.86779270633397,-197.8219,2.0865,-22.97329113924051,117.7388420298123,6,2020-06-24,0.4,上交所,可转债
128015.SZ,久其转债,2020-08-03,104.12,104.12,105.2,104.12,105.2,1.08,1.037264694583173,57,0.20301369863,2.357923497267759,1.23574144486692,1.8635,82.32210147,22.87789853,27.79071248361804,9.48,10.54852320675106,77.42616033755274,27.77383966244726,35.87138964577657,-18.4579,6.8333,-27.77383966244726,94.05270146774443,6,2017-06-08,0.3,深交所,可转债
113009.SH,广汽转债,2020-08-03,108.06,108.07,110.06,108.07,109.18,1.12,1.036461225245234,195,0.797260273973,1.469945355191257,1.373877999633633,-1.0593,102.83826722,6.34173278,6.16670520754035,14.26,7.012622720897616,76.15708274894811,33.02291725105189,43.36158379373849,234.5789,1.3889,-33.02291725105189,74.05519833004058,6,2016-01-22,0.2,上交所,可转债
110044.SH,广电转债,2020-08-03,147.0,148.88,149.0,147.57,148.52,1.52,1.034013605442177,38,0.104109589041,3.898630136986301,0.6733099919202801,-7.0315,95.77035564,52.74964436,55.07930299255177,6.9,14.49275362318841,110.8695652173913,37.6504347826087,33.95921568627451,-47.8361,1.4999,-37.6504347826087,115.7660577498001,6,2018-06-27,0.4,上交所,可转债
113564.SH,天目转债,2020-08-03,131.65,132.52,134.96,131.21,133.0,1.35,1.025446259020129,158,0.215068493151,0.7917808219178082,0.3759398496240601,-0.8858,95.55824339,37.44175661,39.18213152704125,23.8,4.201680672268908,123.3193277310924,9.680672268907562,7.850085178875639,-32.2419,3.8825,-9.680672268907562,129.0514803916933,6,2020-02-28,0.5,上交所,可转债
128013.SZ,洪涛转债,2020-08-03,111.878,111.89,113.02,111.7,113.02,1.142,1.020754750710595,6,0.029589041096,1.986301369863014,1.592638471067068,-1.4565,61.11410227,51.90589773,84.93276641892166,3.1,32.25806451612903,107.4193548387097,5.600645161290323,5.213813813813814,163.4046,1.3735,-5.600645161290323,175.76852289204,6,2016-07-29,0.4,深交所,可转债
113568.SH,新春转债,2020-08-03,109.0,109.01,110.38,109.01,110.11,1.11,1.018348623853211,151,0.206849315068,1.86027397260274,0.4540913631822723,2.3195,89.98533204,20.12466796,22.36438706594342,8.91,11.22334455667789,97.75533108866442,12.35466891133558,12.63835820895522,59.6645,1.4623,-12.35466891133558,108.6347395431186,6,2020-03-06,0.5,上交所,可转债
113534.SH,鼎胜转债,2020-08-03,121.58,122.0,123.66,122.0,122.8,1.22,1.00345451554532,117,0.192328767123,4.682191780821918,0.488599348534202,-1.4367,85.57133978,37.22866022,43.50599197782012,15.18,6.587615283267457,110.3425559947299,12.45744400527009,11.28979104477612,49.2276,1.9729,-12.45744400527009,128.9480289527026,6,2019-04-08,0.4,上交所,可转债
110043.SH,无锡转债,2020-08-03,113.24,113.25,114.6,113.24,114.37,1.13,0.9978806075591664,187,0.407671232877,3.491803278688525,0.6994841304537903,-1.3618,95.73062609,18.63937391,19.47064870596001,5.79,17.27115716753022,99.13644214162349,15.23355785837651,15.3662543554007,7.7478,0.9232,-15.23355785837651,103.5577079047008,6,2018-01-30,0.3,上交所,可转债
110064.SH,建工转债,2020-08-03,106.32,106.49,107.85,106.49,107.38,1.06,0.9969902182091799,228,0.248767123288,5.379781420765028,0.3725088470851183,2.1695,97.0298418,10.3501582,10.66698451527311,4.57,21.88183807439825,88.40262582056893,18.97737417943107,21.4669801980198,-55.3142,1.0725,-18.97737417943107,91.10869829385719,6,2019-12-20,0.4,上交所,可转债
123024.SZ,岱勒转债,2020-08-03,104.54,104.99,106.35,104.04,105.581,1.041,0.995791084752248,136,0.186301369863,1.632876712328767,0.4735700552182685,1.9123,88.85973913,16.72126087,18.81758942093802,24.9,4.016064257028113,82.24899598393574,23.33200401606426,28.3675244140625,152.5136,3.4313,-23.33200401606426,92.56047428139208,5,2019-03-21,0.4,深交所,可转债
113535.SH,大业转债,2020-08-03,100.86,100.88,101.85,100.88,101.85,0.99,0.9815585960737656,87,0.14301369863,3.453551912568306,0.5891016200294551,2.8595,84.5585175,17.2914825,20.44913157329183,12.4,8.064516129032258,69.91935483870968,31.93064516129032,45.66782006920415,31.9203,1.571,-31.93064516129032,82.68753628362711,5,2019-05-09,0.4,上交所,可转债
113520.SH,百合转债,2020-08-03,173.93,175.0,176.95,174.16,175.61,1.68,0.9659058241821422,270,0.515890410959,0.4289617486338798,0.3986105574853368,-9.5895,98.1565579,77.4534421,78.90806662037606,14.28,7.002801120448179,171.078431372549,4.53156862745098,2.648825214899714,26.1829,3.4359,-4.53156862745098,174.2913922744117,6,2018-11-08,0.5,上交所,可转债
113518.SH,顾家转债,2020-08-03,160.96,161.96,164.99,161.01,162.5,1.54,0.9567594433399602,327,0.535890410959,0.06830601092896176,0.3540983606557354,-8.2427,100.28597211,62.21402789,62.03662045750498,35.42,2.82326369282891,162.6199887069452,-0.1199887069452287,-0.07378472222222224,28.3687,6.0337,0.1199887069452287,162.1562670086833,6,2018-09-12,0.4,上交所,可转债
128076.SZ,金轮转债,2020-08-03,104.806,104.806,106.0,104.806,105.8,0.994,0.9484189836459744,295,0.322191780822,5.19672131147541,0.3780718336483932,1.7043,82.77383485,23.02616515,27.81816885943155,14.76,6.775067750677507,88.48238482384824,17.31761517615176,19.57182235834609,274.7361,1.235,-17.31761517615176,106.8965633695637,6,2019-10-14,0.4,深交所,可转债
128063.SZ,未来转债,2020-08-03,110.445,110.49,111.7,110.49,111.49,1.045,0.9461723029562226,123,0.235890410959,4.665753424657535,0.6278590008072473,3.1253,95.80188234,15.68811766,16.37558394137081,8.61,11.6144018583043,91.40534262485482,20.08465737514518,21.97317662007624,-55.0346,3.0561,-20.08465737514518,95.41080028099876,6,2019-04-03,0.5,深交所,可转债
113508.SH,新凤转债,2020-08-03,105.04,105.04,106.79,104.92,106.03,0.99,0.9424980959634425,100,0.27397260274,1.079234972677596,0.943129303027445,1.5829,97.13161526,8.89838474,9.1611621161462,15.78,6.337135614702155,67.99746514575412,38.03253485424588,55.93228331780056,63.6672,1.3267,-38.03253485424588,70.0054919953095,6,2018-04-26,0.3,上交所,可转债
127007.SZ,湖广转债,2020-08-03,113.134,113.19,114.28,113.179,114.2,1.066,0.9422454788127353,37,0.101369863014,3.901369863013699,0.8756567425569177,-0.4368,96.79046833,17.40953167,17.98682449871353,5.58,17.92114695340502,98.74551971326164,15.45448028673835,15.6508166969147,-22.7239,0.8281,-15.45448028673835,102.0198800739305,6,2018-06-28,0.5,深交所,可转债
123004.SZ,铁汉转债,2020-08-03,99.88,99.996,100.98,99.601,100.82,0.94,0.9411293552262715,230,0.627397260274,3.374316939890711,0.9918666931164452,2.613,96.05569957,4.76430043,4.959935174412056,3.98,25.12562814070352,72.36180904522612,28.45819095477387,39.32763888888889,-9.1685,1.2968,-28.45819095477387,75.33317582315135,6,2017-12-18,0.3,深交所,可转债
110051.SH,中天转债,2020-08-03,127.87,128.16,129.42,127.01,129.06,1.19,0.9306326738093376,158,0.258082191781,1.371584699453552,0.4649000464900047,-2.7479,96.01688237,33.04311763,34.41386224421317,10.09,9.910802775024777,118.3349851337958,10.72501486620416,9.06326633165829,25.7577,1.7697,-10.72501486620416,123.243936079692,6,2019-02-27,0.4,上交所,可转债
123011.SZ,德尔转债,2020-08-03,104.54,104.8,105.739,104.553,105.5,0.96,0.9183087813277214,17,0.046575342466,3.956164383561644,0.9478672985781991,2.5389,91.16599713,14.33400287,15.72297053863201,34.54,2.895193977996526,80.11001737116386,25.38998262883613,31.69389230213227,58.8589,1.3808,-25.38998262883613,87.87269365016583,6,2018-07-18,0.5,深交所,可转债
127005.SZ,长证转债,2020-08-03,130.401,131.1,132.449,130.0,131.588,1.187,0.9102690930284277,145,0.397260273973,3.605479452054794,0.7599477155971669,-5.1103,96.22622129,35.36177871,36.74858914331583,7.28,13.73626373626374,121.5659340659341,10.02206593406593,8.24414011299435,28.6976,1.7835,-10.02206593406593,126.3334800392577,6,2018-03-12,0.2,深交所,可转债
123042.SZ,银河转债,2020-08-03,109.61,109.62,110.654,109.0,110.6,0.99,0.903202262567284,203,0.276712328767,1.562841530054645,0.4520795660036167,0.8828,88.71373555,21.88626445,24.67066042739759,24.4,4.098360655737705,94.26229508196721,16.33770491803279,17.33217391304348,-70.327,3.4218,-16.33770491803279,106.2544537185451,6,2020-01-14,0.5,深交所,可转债
123052.SZ,飞鹿转债,2020-08-03,117.252,117.41,118.58,117.4,118.311,1.059,0.9031828881383687,60,0.082191780822,5.838356164383562,0.4226149724032423,1.2919,77.89363915,40.41736085,51.88788364627332,9.9,10.1010101010101,112.3232323232323,5.987767676767676,5.330836330935252,-25.6995,3.0477,-5.987767676767676,144.2007762751092,6,2020-06-05,0.5,深交所,可转债
110063.SH,鹰19转债,2020-08-03,115.57,115.99,117.0,115.42,116.6,1.03,0.8912347495024661,235,0.192328767123,5.360655737704918,0.2572898799313894,-0.0653,93.77393143,22.82606857,24.34159283066757,3.3,30.30303030303031,97.57575757575758,19.02424242424242,19.49689440993789,16.0531,1.0764,-19.02424242424242,104.0542463004183,6,2019-12-13,0.3,上交所,可转债
128082.SZ,华锋转债,2020-08-03,114.49,115.0,116.0,114.509,115.502,1.012,0.8839199930124901,244,0.399452054795,5.336065573770492,0.5194715243026095,1.0584,70.55446439,44.94753561,63.70615381834097,11.71,8.539709649871904,108.4543125533732,7.047687446626815,6.498300787401575,-38.3028,1.6874,-7.047687446626815,153.7171509854802,6,2019-12-04,0.6,深交所,可转债
127008.SZ,特发转债,2020-08-03,297.0,300.0,303.0,298.33,299.6,2.6,0.8754208754208754,262,0.42904109589,0.5863013698630137,0.2002670226969292,-26.2984,98.55647739,201.04352261,203.9881374964796,5.54,18.05054151624549,214.8014440433213,84.7985559566787,39.47764705882353,-36.5419,3.4186,-84.7985559566787,217.9475664428689,5,2018-11-16,0.4,深交所,可转债
113031.SH,博威转债,2020-08-03,143.48,144.01,146.4,143.4,144.72,1.24,0.864231948703652,207,0.169315068493,0.07650273224043716,0.1325340510561913,-5.812,99.86378558,44.85621442,44.91739839370107,11.29,8.857395925597874,144.3755535872454,0.3444464127546501,0.2385766871165644,24.0225,2.8011,-0.3444464127546501,144.5724821552928,5,2020-01-10,0.3,上交所,可转债
123018.SZ,溢利转债,2020-08-03,187.3,189.5,194.58,187.101,188.903,1.603,0.8558462359850507,228,0.373150684932,4.379781420765028,0.3176233304923691,-10.9127,87.46008411,101.44291589,115.9876724591456,8.29,12.0627261761158,189.2641737032569,-0.3611737032569361,-0.1908304652644997,99.4593,2.8977,0.3611737032569361,216.4006307897169,6,2018-12-20,0.4,深交所,可转债
110047.SH,山鹰转债,2020-08-03,115.77,115.77,117.49,115.77,116.75,0.98,0.8465060032823702,257,0.420821917808,4.300546448087432,0.5139186295503212,0.2733,99.98976226,16.76023774,16.76195378524745,3.34,29.94011976047904,96.40718562874251,20.34281437125749,21.10093167701863,16.0531,1.0764,-20.34281437125749,96.41705655630841,6,2018-11-21,0.4,上交所,可转债
123015.SZ,Z蓝转退,2020-08-03,113.738,113.801,115.88,113.801,114.7,0.962,0.8458035133376708,357,0.585205479452,4.027322404371585,0.5231037489102005,-0.4009,32.76763159,81.93236841,250.040556593062,5.79,17.27115716753022,73.40241796200345,41.29758203799655,56.26188235294118,-34.7561,1.4003,-41.29758203799655,224.0089209999674,6,2018-08-13,0.4,深交所,可转债
113032.SH,桐20转债,2020-08-03,120.6,120.51,121.67,120.51,121.61,1.01,0.8374792703150912,155,0.127397260274,0.4480874316939891,0.2149246468330729,-1.3151,98.43546632,23.17453368,23.54286980737493,14.35,6.968641114982578,101.9512195121951,19.65878048780488,19.28253588516747,15.773,1.4426,-19.65878048780488,103.5716325869437,6,2020-03-02,0.3,上交所,可转债
113590.SH,海容转债,2020-08-03,154.77,155.99,159.11,153.03,156.05,1.28,0.8270336628545584,36,0.039452054795,0.5945205479452055,0.1769717292929446,-5.0406,96.41657992,59.63342008,61.8497566803135,36.39,2.748007694421545,162.6545754328112,-6.604575432811212,-4.060491637100862,29.3225,6.0077,6.604575432811212,168.6997978644037,6,2020-06-29,0.4,上交所,可转债
110033.SH,国贸转债,2020-08-03,112.69,113.09,113.65,112.78,113.6,0.91,0.8075250687727393,212,0.982739726027,1.256830601092896,1.496478873239437,-6.4873,99.56460427,14.03539573,14.09677247542582,7.19,13.90820584144645,98.47009735744089,15.12990264255911,15.36497175141243,6.2356,0.9442,-15.12990264255911,98.90070681183946,6,2016-01-05,0.3,上交所,可转债
128113.SZ,比音转债,2020-08-03,127.773,128.773,129.9,127.773,128.8,1.027,0.8037691844129824,50,0.054794520548,1.557377049180328,0.3105590062111801,-1.6095,93.96979464,34.83020536,37.06532029088193,14.9,6.711409395973154,107.9865771812081,20.81342281879195,19.27408328154133,26.1422,4.1804,-20.81342281879195,114.916263885546,6,2020-06-15,0.4,深交所,可转债
113033.SH,利群转债,2020-08-03,107.5,107.56,108.55,107.02,108.36,0.86,0.8,125,0.13698630137,5.66027397260274,0.369139904023625,1.1243,89.83122473,18.52877527,20.62620800917583,7.01,14.26533523537803,90.01426533523538,18.34573466476462,20.38091917591125,-19.9416,1.179,-18.34573466476462,100.2037605585202,6,2020-04-01,0.4,上交所,可转债
110057.SH,现代转债,2020-08-03,119.33,119.89,121.49,119.71,120.27,0.94,0.7877315008799128,125,0.171232876712,2.868493150684932,0.4157312713062277,-1.7771,92.9885833,27.2814167,29.33845826211227,9.89,10.11122345803842,114.9646107178969,5.305389282103135,4.614802110817942,21.5553,1.5647,-5.305389282103135,123.6330382053437,6,2019-03-29,0.2,上交所,可转债
113537.SH,文灿转债,2020-08-03,113.28,113.58,114.41,113.16,114.17,0.89,0.7856638418079096,55,0.120547945205,4.852054794520548,0.7007094683366909,1.3212,89.47001229,24.69998771,27.60700158388231,19.78,5.055611729019211,99.19110212335693,14.97889787664307,15.1010499490316,110.7918,1.9809,-14.97889787664307,110.8651933586953,6,2019-06-06,0.5,上交所,可转债
110068.SH,龙净转债,2020-08-03,108.33,108.33,109.65,108.33,109.17,0.84,0.7754084741068956,133,0.072876712329,5.638356164383562,0.1832005129614363,0.943,91.67415863,17.49584137,19.0848125921873,10.73,9.319664492078285,86.85927306616962,22.31072693383038,25.68606223175966,36.7225,1.8165,-22.31072693383038,94.74782682951755,6,2020-03-24,0.2,上交所,可转债
128052.SZ,凯龙转债,2020-08-03,212.0,212.0,215.88,212.0,213.601,1.601,0.755188679245283,227,0.433424657534,0.6383561643835617,0.3277138215645058,-13.3959,98.24465988,115.35634012,117.4174151153873,6.67,14.99250374812594,192.2038980509745,21.39710194902549,11.1325015600624,-76.3349,2.8361,-21.39710194902549,195.6380105399521,6,2018-12-21,0.5,深交所,可转债
113565.SH,宏辉转债,2020-08-03,133.98,134.5,135.95,133.83,134.99,1.01,0.7538438572921331,160,0.174246575342,5.565573770491803,0.2963182457959849,-2.4061,82.66763282,52.32236718,63.29244638458005,10.0,10.0,140.7,-5.71,-4.058280028429282,68.0025,5.165,5.71,170.1996237225751,6,2020-02-26,0.4,上交所,可转债
128040.SZ,华通转债,2020-08-03,118.8,118.8,119.8,118.5,119.688,0.888,0.7474747474747475,51,0.139726027397,2.575342465753425,0.8355056480181806,-1.665,93.34860001,26.33939999,28.21617034125674,11.29,8.857395925597874,106.1116031886625,13.57639681133747,12.79445075125209,162.6027,3.9808,-13.57639681133747,113.6724098457773,6,2018-06-14,0.4,深交所,可转债
128048.SZ,张行转债,2020-08-03,120.801,121.888,123.899,121.513,121.7,0.899,0.7441991374243591,266,0.435616438356,4.275956284153006,0.4930156121610518,-1.5691,96.53403434,25.16596566,26.06952649607869,5.76,17.36111111111111,109.2013888888889,12.49861111111111,11.44546899841017,9.7177,1.0711,-12.49861111111111,113.1221642558453,6,2018-11-09,0.4,深交所,可转债
128111.SZ,中矿转债,2020-08-03,121.81,121.863,124.368,121.863,122.7,0.89,0.730646088170101,54,0.07397260274,3.26775956284153,0.4074979625101874,0.2824,83.27502368,39.42497632,47.34309829979505,15.53,6.43915003219575,111.2041210560206,11.4958789439794,10.33763752171396,31.9896,1.697,-11.4958789439794,133.5383841898904,6,2020-06-11,0.5,深交所,可转债
127006.SZ,敖东转债,2020-08-03,109.5,109.503,110.34,109.006,110.3,0.8,0.730593607305936,144,0.236712328767,3.608219178082192,0.543970988213962,-0.5898,94.25489072,16.04510928,17.02310528125771,20.42,4.897159647404505,86.28795298726739,24.01204701273262,27.82780930760499,15.6044,0.9322,-24.01204701273262,91.54745427863288,6,2018-03-13,0.2,深交所,可转债
128056.SZ,今飞转债,2020-08-03,106.998,107.166,108.5,107.166,107.748,0.75,0.7009476812650703,158,0.344109589041,4.571038251366121,0.7424731781564391,2.6329,83.04792748,24.70007252,29.74194934117819,6.76,14.79289940828402,91.71597633136095,16.03202366863905,17.48007741935484,45.0109,2.3005,-16.03202366863905,110.4374053807043,6,2019-02-27,0.6,深交所,可转债
113530.SH,大丰转债,2020-08-03,104.19,104.2,105.03,104.2,104.92,0.73,0.7006430559554659,130,0.213698630137,4.646575342465753,0.5718642775447961,3.2933,99.89613614,5.02386386,5.02908726415532,16.64,6.009615384615385,73.01682692307692,31.90317307692308,43.69290534979424,31.701,2.5298,-31.90317307692308,73.09274386823839,6,2019-03-26,0.4,上交所,可转债
113016.SH,小康转债,2020-08-03,98.53,98.55,99.36,98.55,99.22,0.69,0.7002943266010352,272,0.742465753425,2.895890410958904,1.007861318282604,3.3783,88.95189369,10.26810631,11.54343756388667,15.7,6.369426751592357,57.89808917197452,41.32191082802548,71.37007700770077,-5.7972,2.3809,-41.32191082802548,65.08921482183514,6,2017-11-06,0.3,上交所,可转债
110070.SH,凌钢转债,2020-08-03,103.9,103.9,104.8,103.9,104.61,0.71,0.6833493743984601,113,0.123835616438,5.693150684931507,0.3823726221202562,2.1522,91.67439004,12.93560996,14.11038563153335,2.75,36.36363636363637,85.45454545454545,19.15545454545455,22.41595744680851,365.0911,0.8393,-19.15545454545455,93.21528664358644,6,2020-04-13,0.4,上交所,可转债
113024.SH,核建转债,2020-08-03,102.34,102.35,103.1,102.35,103.03,0.69,0.6742231776431503,118,0.129315068493,4.67945205479452,0.3882364359895176,1.3753,92.45163295,10.57836705,11.44205538881182,9.76,10.24590163934426,73.77049180327869,29.25950819672131,39.66288888888889,36.228,1.881,-29.25950819672131,79.79360607202632,6,2019-04-04,0.2,上交所,可转债
113528.SH,长城转债,2020-08-03,106.97,107.16,107.97,106.62,107.69,0.72,0.6730859119379266,156,0.341917808219,1.390710382513661,0.742873061565605,1.9886,93.13967944,14.55032056,15.62204277219273,23.75,4.210526315789474,88.50526315789473,19.18473684210526,21.67637963843958,23.7529,2.0274,-19.18473684210526,95.02422994155705,6,2019-02-27,0.5,上交所,可转债
128039.SZ,三力转债,2020-08-03,121.99,121.99,124.0,121.703,122.8,0.81,0.6639888515452086,57,0.156164383562,3.846575342465754,0.8143322475570033,-2.9139,80.43559623,42.36440377,52.66872598154421,5.81,17.21170395869191,119.7934595524957,3.006540447504303,2.509770114942529,63.6445,2.258,-3.006540447504303,148.9309026938206,6,2018-06-08,0.3,深交所,可转债
128033.SZ,迪龙转债,2020-08-03,103.0,102.999,104.0,102.999,103.675,0.675,0.6553398058252428,221,0.602739726027,3.398907103825137,0.9645526886906197,1.737,95.95998991,7.71501009,8.039819613607543,8.83,11.32502831257078,73.15968289920725,30.51531710079275,41.71056501547988,-40.6007,1.9533,-30.51531710079275,76.23977760712881,6,2017-12-27,0.3,深交所,可转债
113017.SH,吉视转债,2020-08-03,102.37,102.4,103.2,102.4,103.02,0.65,0.6349516459900362,221,0.602739726027,3.398907103825137,0.9706853038245001,1.9308,96.79968197,6.22031803,6.425969490197076,2.95,33.89830508474577,76.27118644067797,26.74881355932203,35.07066666666667,163.5886,1.0574,-26.74881355932203,78.79280684446444,6,2017-12-27,0.3,上交所,可转债
128021.SZ,兄弟转债,2020-08-03,139.13,140.71,143.5,139.626,140.011,0.881,0.6332207288147775,250,0.682191780822,3.319672131147541,0.7142295962460092,-7.1849,96.34659451,43.66440549,45.3201337442892,5.25,19.04761904761905,141.3333333333333,-1.322333333333333,-0.9356132075471698,84.2977,3.1699,1.322333333333333,146.692609170181,6,2017-11-28,0.3,深交所,可转债
128025.SZ,特一转债,2020-08-03,114.606,114.706,116.0,114.1,115.33,0.724,0.6317295778580528,242,0.660273972603,3.341530054644809,0.8670770831526923,-1.4879,90.08698568,25.24301432,28.02071145955119,14.7,6.802721088435374,107.9591836734694,7.370816326530612,6.827410207939509,35.2239,2.7903,-7.370816326530612,119.8388233978142,6,2017-12-06,0.3,深交所,可转债
128018.SZ,时达转债,2020-08-03,103.35,103.35,104.59,102.88,104.0,0.65,0.6289308176100629,272,0.742465753425,1.234972677595629,0.9615384615384616,-1.1842,97.53815772,6.46184228,6.624937799778652,7.42,13.47708894878706,76.41509433962264,27.58490566037736,36.09876543209877,-57.904,1.4173,-27.58490566037736,78.34379500890849,6,2017-11-06,0.3,深交所,可转债
113566.SH,翔港转债,2020-08-03,120.05,120.3,121.2,119.71,120.8,0.75,0.6247396917950854,158,0.215068493151,5.571038251366121,0.4139072847682119,0.5552,77.96487926,42.83512074,54.94155977225584,10.77,9.285051067780874,117.9201485608171,2.879851439182915,2.442204724409449,-193.181,4.7216,-2.879851439182915,151.2477793591815,6,2020-02-28,0.5,上交所,可转债
128104.SZ,裕同转债,2020-08-03,159.0,160.0,164.327,155.346,159.99,0.99,0.6226415094339622,119,0.130410958904,0.4234972677595629,0.186997988744159,-5.7022,98.5688171,61.4211829,62.31299584095343,23.24,4.302925989672978,150.3442340791738,9.645765920826161,6.415787063537493,46.7857,4.6772,-9.645765920826161,152.5271769535863,6,2020-04-07,0.4,深交所,可转债
113569.SH,科达转债,2020-08-03,102.8,102.88,103.84,102.37,103.44,0.64,0.622568093385214,148,0.162191780822,5.597260273972603,0.3866976024748647,2.8543,75.33713857,28.10286143,37.30279907550251,14.84,6.738544474393531,62.66846361185984,40.77153638814016,65.05909677419355,-12.0503,2.6847,-40.77153638814016,83.18402424274585,6,2020-03-09,0.4,上交所,可转债
113021.SH,中信转债,2020-08-03,106.07,106.08,106.87,106.08,106.73,0.66,0.622230602432356,153,0.335342465753,4.583561643835616,0.7495549517474,2.4372,100.7014921,6.0285079,5.986512984349315,6.98,14.32664756446991,74.35530085959886,32.37469914040115,43.54053949903661,4.3931,0.473,-32.37469914040115,73.83733776830388,6,2019-03-01,0.3,上交所,可转债
113527.SH,维格转债,2020-08-03,95.15,95.54,95.88,94.74,95.73,0.58,0.6095638465580662,193,0.368219178082,4.475409836065574,0.7312232320066855,5.3351,99.56514922,-3.83514922,-3.851899233863268,10.52,9.505703422053232,72.0532319391635,23.6767680608365,32.8601055408971,-380.4718,0.7358,-23.6767680608365,72.36792442298666,6,2019-01-24,0.5,上交所,可转债
113013.SH,国君转债,2020-08-03,122.01,122.98,123.6,122.5,122.75,0.74,0.6065076633062864,28,0.115068493151,2.926027397260274,1.221995926680245,-4.251,97.98878608,24.76121392,25.26943634119975,19.4,5.154639175257732,97.47422680412372,25.27577319587629,25.93072448439979,23.0615,1.2123,-25.27577319587629,99.47487942604351,6,2017-07-07,0.2,上交所,可转债
128089.SZ,麦米转债,2020-08-03,146.512,146.512,149.723,144.492,147.4,0.888,0.6060936988096538,222,0.242191780822,0.08196721311475409,0.1861037584061805,-4.8469,99.73612292,47.66387708,47.78998389403204,20.15,4.962779156327543,148.0397022332506,-0.6397022332506203,-0.4321153201475025,45.4847,6.4598,0.6397022332506203,148.4313786209594,6,2019-12-26,0.4,深交所,可转债
128081.SZ,海亮转债,2020-08-03,108.15,108.671,109.317,107.701,108.8,0.65,0.6010171058714748,257,0.210410958904,5.300546448087432,0.2757352941176471,1.1058,91.40968526,17.39031474,19.02458660757454,9.76,10.24590163934426,92.62295081967213,16.17704918032787,17.46548672566372,26.1805,2.0013,-16.17704918032787,101.3272833794594,6,2019-11-20,0.3,深交所,可转债
123032.SZ,万里转债,2020-08-03,122.481,123.0,126.0,121.962,123.2,0.719,0.587029825034087,298,0.65095890411,0.3278688524590164,0.6493506493506493,1.5144,98.21673883,24.98326117,25.43686694102384,6.89,14.51378809869376,122.4963715529753,0.7036284470246734,0.5744075829383886,-23.3187,5.3821,-0.7036284470246734,124.7204631432531,6,2019-10-11,0.8,深交所,可转债
113578.SH,全筑转债,2020-08-03,137.8,138.58,140.9,137.53,138.6,0.8,0.5805515239477503,106,0.116164383562,3.480874316939891,0.2886002886002886,-2.7819,90.51159839,48.08840161,53.12954634034278,5.43,18.41620626151013,134.8066298342542,3.793370165745857,2.813934426229508,43.0529,1.8264,-3.793370165745857,148.938514214934,6,2020-04-20,0.4,上交所,可转债
113573.SH,纵横转债,2020-08-03,106.33,106.58,107.53,106.58,106.94,0.61,0.5736856954763472,109,0.149315068493,5.704109589041096,0.4675518982607069,2.7922,77.15545103,29.78454897,38.60329837022015,18.81,5.31632110579479,84.58266879319511,22.35733120680489,26.43252042740415,-65.634,4.6955,-22.35733120680489,109.6263033447983,6,2020-04-17,0.5,上交所,可转债
128072.SZ,翔鹭转债,2020-08-03,106.6,106.59,108.2,106.59,107.205,0.605,0.5675422138836773,350,0.382465753425,5.046448087431694,0.3731169255165338,1.5211,75.90361862,31.30138138,41.23832558854096,15.31,6.531678641410843,77.20444154147616,30.00055845852384,38.85859137055837,87.6296,3.5778,-30.00055845852384,101.7137824851125,6,2019-08-20,0.4,深交所,可转债
128070.SZ,智能转债,2020-08-03,106.9,107.09,107.8,107.09,107.501,0.601,0.5622076707202993,33,0.072328767123,4.912328767123288,0.7441791239151264,1.8851,78.2015295,29.2994705,37.46662077753863,9.51,10.51524710830705,85.69926393270242,21.80173606729758,25.43981717791411,81.6858,3.8342,-21.80173606729758,109.5877081697007,6,2019-07-02,0.5,深交所,可转债
123028.SZ,清水转债,2020-08-03,108.5,108.5,109.7,108.5,109.1,0.6,0.5529953917050692,46,0.100821917808,1.325136612021858,0.7332722273143905,-3.8029,90.68724026,18.41275974,20.303583709473,11.84,8.445945945945946,92.9054054054054,16.19459459459459,17.43127272727273,29.6095,1.589,-16.19459459459459,102.4459506530863,6,2019-06-18,0.6,深交所,可转债
110071.SH,湖盐转债,2020-08-03,116.06,116.06,117.35,116.0,116.7,0.64,0.551438910908151,25,0.020547945205,1.926027397260274,0.2570694087403599,-0.2215,92.49715999,24.20284001,26.16603581409051,6.6,15.15151515151515,109.0909090909091,7.609090909090909,6.975,38.7869,2.6236,-7.609090909090909,117.9397390176121,6,2020-07-10,0.3,上交所,可转债
128087.SZ,孚日转债,2020-08-03,104.349,104.2,105.07,104.001,104.908,0.559,0.5357023066823832,231,0.252054794521,5.371584699453552,0.381286460517787,1.4733,80.30735487,24.60064513,30.63311594538639,6.3,15.87301587301587,87.77777777777777,17.13022222222222,19.51544303797468,13.117,1.3005,-17.13022222222222,109.3022898336905,6,2019-12-17,0.4,深交所,可转债
123026.SZ,中环转债,2020-08-03,131.598,134.0,134.997,131.0,132.3,0.702,0.5334427574887156,55,0.120547945205,0.366120218579235,0.3114548711417611,-4.6233,98.14059901,34.15940099,34.80659516508488,12.25,8.16326530612245,132.5714285714286,-0.2714285714285714,-0.2047413793103448,25.4848,2.8624,0.2714285714285714,135.0831663029897,5,2019-06-10,0.5,深交所,可转债
123049.SZ,维尔转债,2020-08-03,127.6,127.69,130.79,127.69,128.28,0.68,0.5329153605015674,113,0.154794520548,5.693150684931507,0.3897723729342064,-0.4925,77.31478188,50.96521812,65.91911259492775,7.48,13.36898395721925,116.8449197860963,11.43508021390374,9.786544622425629,36.0503,1.7365,-11.43508021390374,151.128822904074,6,2020-04-13,0.5,深交所,可转债
123013.SZ,横河转债,2020-08-03,186.5,186.823,189.821,186.304,187.44,0.94,0.5040214477211796,9,0.029589041096,3.978082191780822,0.6402048655569782,-11.7171,83.403753,104.036247,124.7380882248788,9.13,10.95290251916758,84.33734939759036,103.1026506024096,122.2502857142857,-140.5639,3.5785,-103.1026506024096,101.119369769356,6,2018-07-26,0.5,深交所,可转债
123007.SZ,道氏转债,2020-08-03,111.714,112.0,112.799,111.41,112.259,0.545,0.4878529101097445,220,0.6,1.027322404371585,0.8907971743913629,-0.2572,95.80384892,16.45515108,17.17587682071177,14.95,6.688963210702341,85.95317725752508,26.30582274247492,30.60482879377432,176.2524,2.4475,-26.30582274247492,89.71787483120787,6,2017-12-28,0.5,深交所,可转债
113550.SH,常汽转债,2020-08-03,130.49,132.0,133.48,129.39,131.12,0.63,0.4827956165223389,260,0.354794520548,1.709589041095891,0.3813300793166565,-1.4165,91.10254427,40.01745573,43.92572792632502,9.65,10.36269430051813,127.5647668393782,3.555233160621762,2.787002437043054,833.7536,1.3108,-3.555233160621762,140.023275816881,6,2019-11-18,0.5,上交所,可转债
128032.SZ,双环转债,2020-08-03,98.429,98.429,98.899,98.323,98.888,0.459,0.4663259811640878,223,0.608219178082,1.005464480874317,1.01124504489928,3.3441,97.880475,1.007525,1.029342164512381,9.89,10.11122345803842,55.00505561172902,43.88294438827098,79.77983823529412,-43.6579,1.1342,-43.88294438827098,56.19614699635348,6,2017-12-25,0.3,深交所,可转债
128100.SZ,搜特转债,2020-08-03,99.689,100.0,100.49,99.8,100.153,0.464,0.4654475418551696,145,0.158904109589,5.605479452054794,0.3993889349295578,2.9167,--,--,--,5.36,18.65671641791045,55.41044776119403,44.74255223880597,80.74750168350168,132.8665,1.6346,-44.74255223880597,--,6,2020-03-11,0.4,深交所,可转债
113012.SH,骆驼转债,2020-08-03,105.65,106.24,106.27,105.54,106.14,0.49,0.4637955513487932,133,0.473698630137,1.084699453551913,1.2247974373469,-2.4353,97.86446373,8.27553627,8.456119774826053,10.06,9.940357852882704,76.64015904572565,29.49984095427435,38.49136186770428,33.1282,1.3331,-29.49984095427435,78.31255199759694,6,2017-03-24,0.3,上交所,可转债
113020.SH,桐昆转债,2020-08-03,129.6,129.27,130.95,129.27,130.2,0.6,0.462962962962963,259,0.353424657534,0.3169398907103825,0.3840245775729647,-3.3488,99.26748736,30.93251264,31.16076921320798,12.28,8.143322475570033,119.1368078175896,11.06319218241042,9.286124401913876,15.773,1.4426,-11.06319218241042,120.0159397462456,6,2018-11-19,0.3,上交所,可转债
110060.SH,天路转债,2020-08-03,146.48,148.0,150.99,143.6,147.15,0.67,0.457400327689787,281,0.306849315068,5.234972677595629,0.271831464492015,-4.6381,91.8458369,55.3041631,60.21412071209512,7.16,13.96648044692737,148.0446927374302,-0.8946927374301676,-0.6043396226415094,-43.2198,2.713,0.8946927374301676,161.1882451445441,6,2019-10-25,0.4,上交所,可转债
128014.SZ,永东转债,2020-08-03,104.133,104.495,104.79,103.891,104.598,0.465,0.4465443231252341,109,0.447945205479,2.704109589041096,1.4340618367464,2.3621,95.25114319,9.34685681,9.812855255034131,12.6,7.936507936507937,65.87301587301587,38.72498412698413,58.78732530120482,43.8209,1.7986,-38.72498412698413,69.1571918896734,6,2017-04-17,0.5,深交所,可转债
123050.SZ,聚飞转债,2020-08-03,148.1,149.997,150.384,146.3,148.75,0.65,0.4388926401080351,112,0.122739726027,5.695890410958904,0.2689075630252101,-3.175,86.04746773,62.70253227,72.86970078741678,5.18,19.3050193050193,145.3667953667954,3.383204633204633,2.327357237715804,43.9693,4.2547,-3.383204633204633,168.937912063755,6,2020-04-14,0.4,深交所,可转债
128062.SZ,亚药转债,2020-08-03,79.821,79.999,81.901,79.71,80.168,0.347,0.4347226920234024,124,0.169863013699,4.663013698630137,0.6236902504740046,9.1844,101.01053081,-20.84253081,-20.63401770376262,16.25,6.153846153846154,36.98461538461538,43.18338461538462,116.7603993344426,-32.496,7.9876,-43.18338461538462,36.61461343489339,6,2019-04-02,0.3,深交所,可转债
113502.SH,嘉澳转债,2020-08-03,103.58,103.45,104.27,103.45,104.02,0.44,0.42479243097123,268,0.731506849315,2.139344262295082,0.9613535858488752,2.4229,91.61290344,12.40709656,13.54295748101224,44.79,2.232641214556821,60.25898638088859,43.76101361911141,72.6215561319007,76.5425,2.6608,-43.76101361911141,65.7756539943677,6,2017-11-10,0.4,上交所,可转债
113592.SH,安20转债,2020-08-03,141.33,139.0,142.48,139.0,141.93,0.6,0.4245383145828911,27,0.022191780822,0.5945205479452055,0.1407215017242725,-4.715,97.54346068,44.38653932,45.50437211328188,115.9,0.8628127696289906,123.7187230371009,18.21127696289905,14.71990375897901,96.5116,11.4084,-18.21127696289905,126.8344614540294,6,2020-07-08,0.3,上交所,可转债
113026.SH,核能转债,2020-08-03,101.6,101.63,102.18,101.5,102.01,0.41,0.4035433070866142,111,0.152054794521,1.597260273972603,0.4901480247034605,1.61,95.55781393,6.45218607,6.752128166856653,6.08,16.44736842105263,72.69736842105263,29.31263157894737,40.32144796380091,16.5974,1.3757,-29.31263157894737,76.07684335925309,6,2019-04-12,0.2,上交所,可转债
128050.SZ,钧达转债,2020-08-03,111.662,111.9,112.4,111.709,112.112,0.45,0.4030019164980029,238,0.519452054795,1.486338797814208,0.7135721421435707,2.3002,93.03173919,19.08026081,20.50940998859768,14.83,6.743088334457181,101.4834794335806,10.62852056641942,10.47315348837209,-24.1408,2.149,-10.62852056641942,109.0847922624767,6,2018-12-07,0.6,深交所,可转债
128105.SZ,长集转债,2020-08-03,140.6,140.6,142.11,139.102,141.151,0.551,0.3918918918918919,117,0.128219178082,5.682191780821918,0.2833844606131023,-3.5593,79.92837452,61.22262548,76.59686043619044,8.11,12.3304562268804,134.4019728729963,6.749027127003699,5.02152385321101,27.6198,3.1794,-6.749027127003699,168.1530165978362,6,2020-04-09,0.4,深交所,可转债
127013.SZ,创维转债,2020-08-03,123.212,123.35,124.469,122.581,123.691,0.479,0.3887608349836055,111,0.182465753425,1.904109589041096,0.4850797551964169,-1.034,93.86837433,29.82262567,31.77068515659677,11.39,8.779631255487269,113.2572431957858,10.43375680421422,9.212441085271317,43.8047,3.6463,-10.43375680421422,120.655379412051,6,2019-04-12,0.4,深交所,可转债
127012.SZ,招路转债,2020-08-03,104.7,104.7,105.454,104.4,105.1,0.4,0.382043935052531,135,0.11095890411,4.632876712328767,0.285442435775452,0.6373,91.28532203,13.81467797,15.13351507426347,9.09,11.001100110011,79.75797579757976,25.34202420242024,31.77365517241379,-15.6736,0.9349,-25.34202420242024,87.37217991230628,6,2019-03-21,0.1,深交所,可转债
128037.SZ,岩土转债,2020-08-03,98.44,98.439,98.799,98.311,98.78,0.34,0.345388053636733,142,0.38904109589,3.613698630136986,1.012350678274955,3.6885,97.14893838,1.63106162,1.678928918008419,7.99,12.51564455569462,45.05632040050062,53.72367959949938,119.2367222222222,42.7061,1.6285,-53.72367959949938,46.37860294907386,6,2018-03-15,0.3,深交所,可转债
110065.SH,淮矿转债,2020-08-03,116.49,116.17,117.49,116.17,116.89,0.4,0.3433771139153575,225,0.122739726027,0.9123287671232877,0.1711010351612627,-0.9723,97.05961385,19.83038615,20.43114057783777,9.33,10.71811361200429,101.3933547695606,15.49664523043944,15.28368921775899,6.2016,1.0384,-15.49664523043944,104.4650300445849,6,2019-12-20,0.2,上交所,可转债
127003.SZ,海印转债,2020-08-03,128.0,128.248,129.33,127.225,128.37,0.37,0.2890625,57,0.281095890411,1.846575342465753,1.402196774947418,-7.27,101.00300316,27.36699684,27.09523081867935,3.0,33.33333333333334,128.3333333333333,0.0366666666666667,0.0285714285714286,90.4053,2.4501,-0.0366666666666667,127.0589282677457,6,2016-06-08,0.5,深交所,可转债
128023.SZ,亚太转债,2020-08-03,97.33,97.33,97.88,97.33,97.611,0.281,0.28870851741498,244,0.665753424658,3.336065573770492,1.024474700597269,4.3893,98.49466395,-0.88366395,-0.8971693638637974,10.34,9.671179883945841,52.80464216634429,44.8063578336557,84.85306593406594,-31.5231,1.6568,-44.8063578336557,53.61167808354586,6,2017-12-04,0.3,深交所,可转债
110059.SH,浦发转债,2020-08-03,103.29,103.46,103.75,103.32,103.58,0.29,0.2807629005712073,281,0.153424657534,5.234972677595629,0.1930874686232864,2.5576,97.20473005,6.37526995,6.558600540036169,14.45,6.920415224913495,72.04152249134948,31.53847750865052,43.77819404418828,4.4,0.5959,-31.53847750865052,74.11318611171791,6,2019-10-25,0.2,上交所,可转债
113011.SH,光大转债,2020-08-03,119.67,120.0,121.86,118.71,120.0,0.33,0.2757583354224116,140,0.575342465753,2.619178082191781,1.25,-3.9038,99.27982927,20.72017073,20.87047377332783,3.76,26.59574468085106,101.5957446808511,18.40425531914894,18.1151832460733,4.6281,0.5049,-18.40425531914894,102.332714941071,6,2017-03-17,0.2,上交所,可转债
110053.SH,苏银转债,2020-08-03,108.5,108.6,109.75,108.58,108.76,0.26,0.2396313364055299,143,0.313424657534,3.213114754098361,0.735564545788893,2.0502,94.89752679,13.86247321,14.60783402783136,7.28,13.73626373626374,83.79120879120879,24.96879120879121,29.79881967213115,4.137,0.6115,-24.96879120879121,88.29651480447059,6,2019-03-13,0.2,上交所,可转债
128080.SZ,顺丰转债,2020-08-03,176.1,177.77,179.6,159.776,176.5,0.4,0.2271436683702442,260,0.141917808219,0.00273224043715847,0.08049660211458357,-8.7648,100.13173798,76.36826202,76.26778837620252,40.15,2.4906600249066,176.6625155666252,-0.1625155666251557,-0.09199210489214721,89.0528,7.4038,0.1625155666251557,176.430090129776,6,2019-11-15,0.2,深交所,可转债
110041.SH,蒙电转债,2020-08-03,111.51,111.51,112.85,111.34,111.71,0.2,0.1793561115595014,226,0.616438356164,1.256830601092896,0.8951750067138126,-6.1913,97.82662783,13.88337217,14.1918130860302,2.69,37.17472118959108,94.42379182156134,17.28620817843866,18.30704724409449,28.8141,1.252,-17.28620817843866,96.52156464561776,6,2017-12-22,0.4,上交所,可转债
123036.SZ,先导转债,2020-08-03,141.9,141.9,144.88,139.12,142.15,0.25,0.1761804087385483,237,0.19397260274,0.3524590163934426,0.2104680463375659,-3.9319,98.72888747,43.42111253,43.98014972385265,38.99,2.564760194921775,114.6191331110541,27.53086688894588,24.01943387782502,104.4565,9.6856,-27.53086688894588,116.0948290295306,6,2019-12-11,0.3,深交所,可转债
110045.SH,海澜转债,2020-08-03,98.17,98.19,98.39,98.11,98.3,0.13,0.1324233472547622,22,0.048219178082,3.942465753424658,0.8138351983723296,3.1972,95.53370047,2.76629953,2.895626900654485,11.75,8.51063829787234,52.68085106382979,45.61914893617021,86.59531502423263,23.1665,2.0715,-45.61914893617021,55.14373546157454,6,2018-07-13,0.3,上交所,可转债
113524.SH,奇精转债,2020-08-03,112.77,112.99,113.5,112.04,112.9,0.13,0.1152788862286069,234,0.38301369863,4.363387978142076,0.5314437555358724,1.0186,89.82360082,23.07639918,25.69079726189494,14.28,7.002801120448179,90.05602240896359,22.84397759103641,25.36640746500778,55.5486,2.4506,-22.84397759103641,100.2587533641958,6,2018-12-14,0.4,上交所,可转债
113567.SH,君禾转债,2020-08-03,115.12,115.0,115.83,114.54,115.25,0.13,0.1129256428075052,153,0.209589041096,2.613698630136986,0.4338394793926247,0.6347,82.02504566,33.22495434,40.50586509603414,11.46,8.726003490401396,105.1483420593368,10.10165794066318,9.607053941908713,35.9023,3.9428,-10.10165794066318,128.1905315788359,6,2020-03-04,0.5,上交所,可转债
113587.SH,泛微转债,2020-08-03,157.28,159.7,159.7,156.6,157.45,0.17,0.108087487283825,50,0.068493150685,0.5573770491803278,0.220117715125913,-4.0226,96.71140976,60.73859024,62.80395497359566,64.33,1.55448468832582,130.0481890253381,27.4018109746619,21.07050561797753,234.9281,19.249,-27.4018109746619,134.4703684374646,6,2020-06-15,0.5,上交所,可转债
128057.SZ,博彦转债,2020-08-03,118.367,118.367,118.96,117.5,118.485,0.118,0.09968994736708711,152,0.333150684932,1.325136612021858,0.6751909524412373,-9.3129,93.30845976,25.17654024,26.98205532998501,8.72,11.46788990825688,108.9449541284404,9.540045871559633,8.756757894736841,194.094,1.8703,-9.540045871559633,116.7578528342009,6,2019-03-04,0.5,深交所,可转债
113519.SH,长久转债,2020-08-03,109.94,111.0,111.0,109.5,110.0,0.06,0.05457522284882663,271,0.591780821918,4.262295081967213,0.7272727272727273,2.1299,100.5867985,9.4132015,9.358287211020043,11.15,8.968609865470851,87.98206278026906,22.01793721973094,25.02548419979613,-41.1699,2.2851,-22.01793721973094,87.46879719038782,6,2018-11-07,0.5,上交所,可转债
128090.SZ,汽模转2,2020-08-03,119.89,119.501,120.88,119.501,119.936,0.046,0.03836850446242389,221,0.180821917808,5.398907103825136,0.2501334044823906,-0.7575,81.47012003,38.46587997,47.21470884765554,4.21,23.75296912114014,113.5391923990499,6.396807600950119,5.634008368200837,-11.1039,1.6394,-6.396807600950119,139.3629865246805,6,2019-12-27,0.3,深交所,可转债
128010.SZ,蔚蓝转债,2020-08-03,106.12,106.12,106.388,105.993,106.13,0.01,0.009423294383716547,195,0.850410958904,0.5753424657534246,1.507585037218506,-2.8453,99.79915962,6.33084038,6.34358085188854,9.25,10.81081081081081,52.97297297297298,53.15702702702703,100.3474489795919,33.532,2.242,-53.15702702702703,53.07957819953131,6,2016-01-22,0.5,深交所,可转债
113543.SH,欧派转债,2020-08-03,135.3,135.0,139.0,134.13,135.31,0.01,0.007390983000739098,354,0.386849315068,0.9397260273972603,0.2956174709925357,-3.1911,96.86936583,38.44063417,39.68296255542855,71.69,1.394894685451249,124.4525038359604,10.85749616403962,8.724208697601435,-129.2355,5.7371,-10.85749616403962,128.4745727089482,6,2019-08-16,0.4,上交所,可转债
128077.SZ,华夏转债,2020-08-03,169.38,169.38,169.38,169.38,169.38,0.0,0.0,6,--,--,--,--,--,--,--,6.96,14.36781609195402,160.7758620689655,8.604137931034483,5.351635388739947,-29.4579,4.2287,-8.604137931034483,--,6,2019-10-16,0.5,深交所,可转债
128029.SZ,太阳转债,2020-08-03,149.53,150.797,151.0,147.523,149.45,-0.08,-0.0535009697050759,226,0.493150684932,2.385245901639344,0.5352960856473737,-12.9089,99.26004565,50.18995435,50.56410564929052,8.55,11.69590643274854,149.1228070175439,0.3271929824561404,0.2194117647058824,15.4102,2.2075,-0.3271929824561404,150.2344735397005,5,2017-12-22,0.3,深交所,可转债
113544.SH,桃李转债,2020-08-03,138.92,139.74,140.44,137.88,138.83,-0.09,-0.06478548805067665,319,0.348493150685,0.1256830601092896,0.2865477257439098,-3.6243,99.8400902,38.9899098,39.05235834812978,46.54,2.148689299527288,128.9213579716373,9.9086420283627,7.685803333333333,50.8368,10.4448,-9.9086420283627,129.1278460520034,6,2019-09-20,0.4,上交所,可转债
113575.SH,东时转债,2020-08-03,144.7,145.1,145.7,143.8,144.5,-0.2,-0.138217000691085,117,0.128219178082,5.682191780821918,0.2768166089965398,-4.2357,88.35593565,56.14406435,63.5430590338613,14.56,6.868131868131868,153.021978021978,-8.521978021978022,-5.569120287253142,-73.3143,7.6191,8.521978021978022,173.1881133918794,6,2020-04-09,0.4,上交所,可转债
123035.SZ,利德转债,2020-08-03,128.99,128.99,131.49,126.763,128.751,-0.239,-0.1852856810605473,264,0.360273972603,5.281420765027322,0.388346498279625,-2.0632,93.71953801,35.03146199,37.37903828149697,6.98,14.32664756446991,102.865329512894,25.88567048710602,25.16462116991643,308.2655,2.169,-25.88567048710602,109.7586818043406,6,2019-11-14,0.5,深交所,可转债
128086.SZ,国轩转债,2020-08-03,209.0,208.994,209.99,207.46,208.6,-0.4,-0.1913875598086124,231,0.252054794521,0.06830601092896176,0.1335994844631639,-10.6196,99.97249955,108.62750045,108.6573817189309,12.19,8.203445447087777,208.695652173913,-0.0956521739130435,-0.04583333333333334,228.0319,3.4289,0.0956521739130435,208.7530602048581,6,2019-12-16,0.4,深交所,可转债
110031.SH,航信转债,2020-08-03,113.0,113.5,114.51,112.66,112.77,-0.23,-0.2035398230088496,53,0.232328767123,0.8575342465753425,--,-5.9667,104.42813574,8.34186426,7.98813863800955,21.56,4.638218923933209,85.20408163265306,27.56591836734694,32.35281437125749,-20.1056,3.0802,-27.56591836734694,81.591116253181,6,2015-06-12,0.2,上交所,可转债
113029.SH,明阳转债,2020-08-03,132.38,133.01,135.15,131.41,132.04,-0.34,-0.2568363801178426,232,0.253150684932,0.6246575342465753,0.3029385034837928,-2.8651,97.79163067,34.24836933,35.02177956881798,12.46,8.025682182985554,128.0898876404494,3.950112359550562,3.083859649122807,37.9894,3.2663,-3.950112359550562,130.9824642076903,6,2019-12-13,0.4,上交所,可转债
113584.SH,家悦转债,2020-08-03,137.08,137.0,139.08,136.22,136.69,-0.39,-0.2845053983075576,60,0.065753424658,5.838356164383562,0.2926329651035189,-2.9228,89.06103866,47.62896134,53.4790095159665,37.97,2.633658151171978,114.3271003423756,22.36289965762444,19.5604538124856,37.506,8.5373,-22.36289965762444,128.369376848199,6,2020-06-05,0.4,上交所,可转债
113014.SH,林洋转债,2020-08-03,119.47,119.68,121.87,117.08,119.12,-0.35,-0.2929605758767891,282,0.769863013699,1.155737704918033,0.8394895903290799,-11.6428,97.80314867,21.31685133,21.7956697917014,8.54,11.7096018735363,100.4683840749415,18.65161592505855,18.564662004662,28.4915,1.5463,-18.65161592505855,102.7251018409789,6,2017-10-27,0.3,上交所,可转债
128034.SZ,江银转债,2020-08-03,110.977,110.02,111.999,110.0,110.6,-0.377,-0.3397100300062175,191,0.416438356164,3.480874316939891,0.7233273056057866,-0.3975,95.77051724,14.82948276,15.4843924700098,4.5,22.22222222222222,96.22222222222223,14.37777777777778,14.94226327944573,11.1923,0.8088,-14.37777777777778,100.4716534850598,6,2018-01-26,0.3,深交所,可转债
113545.SH,金能转债,2020-08-03,134.66,134.66,136.49,132.99,134.17,-0.49,-0.3638793999702956,295,0.322191780822,5.19672131147541,0.2981292390251174,-2.9309,92.0022889,42.1677111,45.83332828364013,11.4,8.771929824561404,130.6140350877193,3.555964912280702,2.72249832102082,10.596,1.7515,-3.555964912280702,141.9682451919077,6,2019-10-11,0.4,上交所,可转债
128035.SZ,大族转债,2020-08-03,115.013,115.012,117.574,114.5,114.5,-0.513,-0.4460365350003913,180,0.294246575342,3.510928961748634,0.5240174672489083,-1.6724,94.67355611,19.82644389,20.94190258044591,52.1,1.919385796545106,79.0595009596929,35.4404990403071,44.82762806506434,102.466,5.2501,-35.4404990403071,83.50748002729999,6,2018-02-06,0.2,深交所,可转债
128099.SZ,永高转债,2020-08-03,148.096,150.096,150.805,147.0,147.251,-0.845,-0.5705758426966292,146,0.12,0.2950819672131148,0.1412181957877705,-4.6641,98.88624111,48.36475889,48.90949271314657,6.16,16.23376623376623,140.7467532467533,6.504246753246753,4.621241061130334,64.311,2.8529,-6.504246753246753,142.3319884211071,6,2020-03-11,0.3,深交所,可转债
110058.SH,永鼎转债,2020-08-03,116.47,116.57,117.24,115.53,115.75,-0.72,-0.6181849403279814,110,0.180821917808,4.701369863013698,0.5183585313174947,-0.1597,85.46599972,30.28400028,35.43397418764787,5.04,19.84126984126984,112.1031746031746,3.646825396825397,3.253097345132743,-15.0009,2.875,-3.646825396825397,131.1669844972763,6,2019-04-15,0.4,上交所,可转债
128067.SZ,一心转债,2020-08-03,133.3,133.143,135.039,131.5,132.4,-0.9,-0.6751687921980495,107,0.175890410959,0.2513661202185792,0.245830401854071,-3.3876,99.23473419,33.16526581,33.42102549143736,26.83,3.727171077152441,118.4867685426761,13.91323145732389,11.74243472790186,22.2346,3.8842,-13.91323145732389,119.4004997441875,6,2019-04-19,0.3,深交所,可转债
113572.SH,三祥转债,2020-08-03,134.19,134.78,137.07,132.42,133.07,-1.12,-0.8346374543557642,145,0.158904109589,1.14207650273224,0.3005936725031938,-15.9873,91.25665277,41.81334723,45.81950571361067,14.19,7.047216349541931,138.1254404510219,-5.055440451021847,-3.660035714285714,44.9944,6.7115,5.055440451021847,151.3593105361296,6,2020-03-12,0.4,上交所,可转债
128053.SZ,尚荣转债,2020-08-03,199.5,195.0,198.989,194.5,197.78,-1.72,-0.8621553884711779,172,0.281095890411,4.532786885245901,0.3033673778946304,-11.4742,94.93522727,102.84477273,108.3315179069461,4.89,20.44989775051125,192.0245398773006,5.755460122699387,2.997252396166134,47.2572,2.6822,-5.755460122699387,202.2690052989227,6,2019-02-14,0.4,深交所,可转债
113583.SH,益丰转债,2020-08-03,138.0,139.66,139.66,136.7,136.78,-1.22,-0.8840579710144928,64,0.070136986301,0.5863013698630137,0.2219342329548326,-2.9395,97.68728689,39.09271311,40.01821972394426,71.82,1.392369813422445,118.9919242550822,17.78807574491785,14.94897729932132,59.4511,9.6286,-17.78807574491785,121.8090173689357,6,2020-06-01,0.4,上交所,可转债
113525.SH,台华转债,2020-08-03,122.8,123.45,124.61,120.0,120.83,-1.97,-1.604234527687297,231,0.378082191781,2.426229508196721,0.4965654224944137,-1.1678,93.12150771,27.70849229,29.75520153334511,8.03,12.453300124533,112.826899128269,8.003100871731009,7.093256070640177,99.8937,2.6919,-8.003100871731009,121.1609454172883,6,2018-12-17,0.4,上交所,可转债
128028.SZ,赣锋转债,2020-08-03,151.601,151.6,152.886,146.3,148.502,-3.099,-2.044181766611038,227,0.495342465753,0.5945205479452055,0.5387132833227836,-8.7848,98.61871302,49.88328698,50.58196913387382,41.98,2.382086707956169,136.4697474988089,12.03225250119104,8.816791063012742,2390.4548,8.7892,-12.03225250119104,138.3811888430675,6,2017-12-21,0.3,深交所,可转债
128098.SZ,康弘转债,2020-08-03,141.118,141.999,142.301,137.2,138.0,-3.118,-2.209498433934722,152,0.166575342466,0.3060109289617486,0.2088544768711522,-3.0704,98.91682892,39.08317108,39.51114436918405,35.3,2.8328611898017,133.229461756374,4.770538243626063,3.580693174569424,58.2939,8.4131,-4.770538243626063,134.6883671979867,6,2020-03-05,0.4,深交所,可转债
113022.SH,浙商转债,2020-08-03,141.16,141.0,142.4,134.66,135.65,-5.51,-3.903372060073675,145,0.198630136986,0.06284153005464481,0.1686451332750977,-4.5686,99.99448351,35.65551649,35.65748353151327,12.37,8.084074373484237,135.8124494745352,-0.1624494745351657,-0.1196130952380952,44.6542,3.8764,0.1624494745351657,135.8199419680518,6,2019-03-11,0.2,上交所,可转债
